1 0.172757128125 0.2739229734375 0.1716241234375 0.27051948124999997 0.171494253125 0.2670756828125 0.17221525625 0.2639834296875 0.1736348703125 0.2617375734375 0.1766726375 0.25881997343749996 0.17518734062500002 0.2564061796875 0.15266457656250002 0.2494849984375 0.1516047171875 0.2500447828125 0.160046275 0.26991267343750003 0.172757128125 0.2739229734375
1 0.146272578125 0.2550201515625 0.145809821875 0.25461710625 0.14543663281250002 0.254706671875 0.14495894843749998 0.2549305859375 0.143675175 0.2559382 0.143793103125 0.2649507390625 0.1515569484375 0.2671786828125 0.146272578125 0.2550201515625
1 0 0.26319973124999996 0.03097029375 0.27127183125 0.032866099999999995 0.2773264671875 0.033784146875 0.28246529374999996 0.0345797875 0.21263546875 0.10798925156250001 0.2356672640625 0.1080504546875 0.2403470671875 0.10847738437500001 0.24016345781249998 0.11012987031249999 0.24016345781249998 0.10945663593749999 0.3006336765625 0.11404537968749999 0.3015517234375 0.11575757499999999 0.301276309375 0.11490073125 0.256865203125 0.115696371875 0.2565897890625 0.1358232578125 0.262460815625 0.1361904765625 0.2621854015625 0.1367413046875 0.2609023734375 0.1365576953125 0.2442006265625 0.0368428125 0.21089117812499997 0 0.198242275 0 0.26319973124999996
1 0.3837498140625 0.3239140171875 0.372718315625 0.3203470671875 0.3727556359375 0.33277205625 0.3841961484375 0.3358934171875 0.3837498140625 0.3239140171875
1 0.1775697859375 0.268723690625 0.1783221375 0.27185176875 0.17935363437500002 0.2736587546875 0.1809882078125 0.2754635015625 0.18229884999999998 0.276012090625 0.1830944921875 0.2760770265625 0.183954321875 0.27597850468749996 0.184642484375 0.27572100312500003 0.1847708609375 0.27523734843750003 0.18290043281249999 0.26965965000000003 0.18068667031250002 0.26398566875 0.17905359062499998 0.264500671875 0.178063890625 0.2661777875 0.1775697859375 0.268723690625
1 0.5212807875000001 0.399726825 0.5262651140625 0.3991222578125 0.5258799828125 0.581262875 0.5351918203125 0.5835982984375 0.5354127484375 0.392214509375 0.5038334078125 0.3981258390625 0.5036214359375 0.40383116875 0.5211882375 0.40047021875000005 0.5212807875000001 0.399726825
1 0.597007015625 0.5248298250000001 0.5973413937500001 0.523938646875 0.597638453125 0.5224899234375 0.5980474703125 0.5212091359375 0.5990132859374999 0.5203739359374999 0.6009449171875 0.5203739359374999 0.602355575 0.5209314828125 0.6046215859374999 0.5215987453125 0.6077787734375 0.521710703125 0.6228974468749999 0.5221943578125 0.623237796875 0.40142633281249995 0.6192252578125 0.40014554375 0.6190491125 0.4998275859375 0.619853709375 0.50163905 0.62022540625 0.5038669953125 0.6201328562499999 0.5046103890625 0.61935960625 0.5055396328125 0.61935960625 0.50888266875 0.61935960625 0.511343484375 0.6186818921875 0.51224361875 0.57350649375 0.402913121875 0.573133303125 0.401710703125 0.573133303125 0.400344828125 0.5722779515624999 0.40002463125 0.5707807140625001 0.3999462609375 0.5706717421875 0.39224361874999997 0.5709404390625 0.39159650625000003 0.5724914171875 0.39159650625000003 0.5724914171875 0.39224361874999997 0.5732930281249999 0.3929623828125 0.573454246875 0.39224361874999997 0.573454246875 0.3911195703125 0.572597403125 0.39031571875000004 0.572436184375 0.388793103125 0.45713539374999995 0.34843931875 0.457639946875 0.35064934999999997 0.46036721875 0.3512964625 0.460259740625 0.3596394984375 0.46764442500000003 0.3617241375 0.5038856546875 0.3724809671875 0.5036408421874999 0.3830317953125 0.5354127484375 0.392214509375 0.535462009375 0.5041737578125 0.5382900078125 0.504034978125 0.53553216875 0.5042812359375 0.5351918203125 0.5835982984375 0.5537647406249999 0.577897446875 0.5537796453125 0.577675584375 0.5649455140625 0.573963278125 0.5646544265625 0.50948051875 0.595914315625 0.50661218125 0.595706821875 0.5266144203125 0.597007015625 0.5248298250000001
1 0.5419876109375 0.5037048046875 0.542001790625 0.5037035375000001 0.546545753125 0.5030116437500001 0.546545753125 0.49180474687500003 0.5477787734375 0.4922637703125 0.5524003578125 0.4927272734375 0.55305269375 0.40242498906249996 0.548505746875 0.4017845953125 0.547704134375 0.4027496640625 0.5434751453125 0.4019458125 0.5429437234375001 0.4001813703125 0.538931184375 0.3992163015625 0.5381116578125 0.40054858906249996 0.5375473953125 0.4925369453125 0.5384057328125 0.49277877343750004 0.5420420953125 0.49285938125 0.5419876109375 0.5037048046875
1 0.4281161375 0.349970890625 0.4319674578125 0.346522615625 0.43180623906250004 0.3445163453125 0.43068368437500004 0.3436318859375 0.43469473125 0.3405866546875 0.4010195546875 0.3298746078125 0.40120913593749996 0.3413076578125 0.42731303125000003 0.3487684734375 0.4281161375 0.349970890625
1 0.18501119531250002 0.2614061796875 0.1845215703125 0.2619480515625 0.1890356765625 0.271155396875 0.189396925 0.270613525 0.18944767812500002 0.2698007171875 0.189344678125 0.26852440624999996 0.188958053125 0.267982534375 0.1878996859375 0.266513659375 0.18774593281250002 0.2654679796875 0.1878996859375 0.2643842359375 0.1881325578125 0.2631079265625 0.188468428125 0.262333184375 0.18918943125 0.2622189875 0.18980892656249998 0.2618696828125 0.1899641734375 0.2614061796875 0.186197940625 0.2601679359375 0.1857336921875 0.2609404390625 0.18545006718749998 0.26113524374999997 0.18501119531250002 0.2614061796875
1 0.1959352140625 0.26844379687500003 0.195236603125 0.26852440624999996 0.19426929375 0.26844379687500003 0.193482609375 0.2684706671875 0.1933736375 0.2693842359375 0.1932303328125 0.270618003125 0.1922809375 0.2736005375 0.19178235625 0.27483878125 0.1911897296875 0.2765427671875 0.191671890625 0.2793663234375 0.194509628125 0.279849978125 0.194509628125 0.27972234687499997 0.193887146875 0.27714061874999996 0.193585609375 0.27627183125 0.193585609375 0.2753694578125 0.1937587703125 0.2739184953125 0.19408120625 0.273434840625 0.19466188906249998 0.2730138828125 0.19513360156249998 0.2726600984375 0.196056128125 0.2726265109375 0.19663681093750002 0.27272279374999997 0.19760412031250002 0.2736274078125 0.19827287656249998 0.27452978125 0.198872965625 0.275819525 0.199240184375 0.27846395 0.199067025 0.2794312578125 0.1989177484375 0.28033363125 0.1985505296875 0.281428571875 0.20059411875 0.281880878125 0.20072249531250003 0.281428571875 0.20166741250000003 0.28149350625 0.203021346875 0.28162337656249997 0.20325869531250002 0.2810412 0.20354530468749998 0.2660725484375 0.1962964625 0.2639050609375 0.1963531875 0.2657657859375 0.196384534375 0.267252575 0.1959352140625 0.26844379687500003
1 0.21114793281250002 0.2836274078125 0.216318853125 0.284897 0.2175668015625 0.2846954765625 0.2182355578125 0.28409538749999996 0.218637109375 0.282290640625 0.218280340625 0.2796148671875 0.21765636718749998 0.27794446875 0.2156948796875 0.2760053734375 0.2100343328125 0.2746686078125 0.20967756406250002 0.2786789078125 0.2098552015625 0.28282355625 0.21114793281250002 0.2836274078125
1 0.22303776718749999 0.2765696375 0.224242425 0.27897447343750004 0.22526645781250001 0.28198387812500003 0.225179878125 0.2835893421875 0.2251336015625 0.2850582171875 0.22459770156249997 0.2862651140625 0.22392894531250002 0.2874675328125 0.2231736078125 0.2884012546875 0.3234900734375 0.3183676671875 0.32326615937500003 0.30535154531250003 0.32407225 0.304655171875 0.223340796875 0.2721854015625 0.2219241671875 0.2740953875 0.221880878125 0.27489923906249997 0.22303776718749999 0.2765696375
1 0.6480086578125 0.5235221671875 0.6498566953125 0.5235221671875 0.65178235625 0.5237550375 0.652001790625 0.396267353125 0.7394417078125 0.38334527500000004 0.9018495296875001 0.3594200625 0.9017360796875 0.355745634375 0.9011061359375001 0.3547424984375 0.9014360359375001 0.353242275 0.9019540234375001 0.3519256609375 0.9022406328124999 0.34996417343749997 0.9020092546875 0.34859382031249997 0.9015957609375 0.34786833906250003 0.901059859375 0.34717196562499997 0.9007911625 0.3464442453125 0.9009508875 0.34582848125 0.9013643828125 0.34483430312499996 0.901273325 0.3443237796875 0.9008792359375001 0.34405284375 0.9005568 0.343622928125 0.900646365625 0.342469771875 0.9012912375000001 0.341634571875 0.9022764593750001 0.3396730859375 0.9026944312499999 0.33815270937499997 0.643161665625 0.38334527500000004 0.6424630546875 0.523638603125 0.644848484375 0.523638603125 0.6480086578125 0.5235221671875
1 0.7394700703125 0.482187640625 0.73940588125 0.45898566875 0.7583400499999999 0.457733990625 0.757998209375 0.4829355125 0.74013285625 0.4830138828125 0.7380474703125001 0.4829355125 0.737780265625 0.505721003125 0.7439841765625 0.5053985671875 0.7437707125 0.5042767578125 0.7453216890625 0.5028325125 0.746017315625 0.5018696828125 0.7464442453125 0.5012270484375 0.7466054640625 0.500344828125 0.7466054640625 0.4984191671875 0.7463919984375 0.49705553125 0.7459635765625 0.49545006718750007 0.7461233015625 0.4945678453125 0.7463919984375 0.493204209375 0.746659203125 0.49143976718750004 0.7470323921875 0.49031571874999996 0.7470323921875 0.4891916703125 0.7468726671875 0.4887102546875 0.7471936109375 0.4867845953125 0.747460815625 0.48662561562500006 0.748798328125 0.48630317968750003 0.7490117921875 0.48710703125 0.7490117921875 0.4883900578125 0.74869085 0.490396328125 0.7491730109375 0.49288401249999997 0.7500821015625 0.4926421859375 0.7531840578125 0.4926421859375 0.7546812953125001 0.5007456343750001 0.75778474375 0.5009874609375 0.7577310046875 0.49352440625 0.7670906109375 0.493204209375 0.7663800562499999 0.44212046562499996 0.7694820124999999 0.44180026874999995 0.7694282734375 0.4410770265625 0.77049858125 0.43818853593749996 0.7706583078125 0.4370667265625 0.7689476046875 0.43698611718749997 0.768840125 0.436103896875 0.769268546875 0.4347380203125 0.7703373640625 0.43377519062500003 0.7703373640625 0.432812359375 0.770070159375 0.43177115937500005 0.7704448421875 0.42936408437500007 0.7717286156250001 0.42904164843750003 0.77311986875 0.4287214515625 0.7747768328125 0.42832064531249997 0.774830571875 0.4223018359375 0.7382445140625 0.4256717421875 0.73805791875 0.482861621875 0.7401761453125 0.4829579046875 0.7394700703125 0.482187640625
1 0.842355575 0.484637259375 0.842689953125 0.48596506875 0.8403597546875 0.48646663749999997 0.8405776984375001 0.49444693281249996 0.8399164046875001 0.49944469375 0.8381385281249999 0.5012740703125 0.8786206890624999 0.5019390953125 0.8777354828125 0.49860725468749995 0.8733004921875 0.49860725468749995 0.8700835953125001 0.4974429015625 0.869307359375 0.49594939531250004 0.8687490671875 0.49311912187500007 0.8687490671875 0.49128974531249997 0.8687490671875 0.4906247203125 0.8687490671875 0.48863188593749995 0.869307359375 0.48330944843749996 0.873190028125 0.47914912656249997 0.8765158984375001 0.4778101203125 0.8807329453125 0.4773107921875 0.8829467078125001 0.4773107921875 0.88672040625 0.47981415156249996 0.8892685468750001 0.48330944843749996 0.8911568890625 0.49046126250000005 0.8923764734375 0.4901253921875 0.892267503125 0.47282355625 0.8412449625 0.4746529328125 0.8410210484375 0.4811419609375 0.8412449625 0.48347290625 0.842355575 0.484637259375
1 0.9448693828125 0.5531661437500001 0.9506194953125 0.5560412 0.9579668609375 0.5584370796875 0.9669099859375001 0.5601141968750001 0.9715420218749999 0.5601141968750001 0.9828825203125 0.5680183609375 0.9889505890624999 0.265678459375 0.94087625 0.2778952078125 0.9373637859375 0.551489028125 0.9381609203125001 0.551489028125 0.9448693828125 0.5531661437500001
1 0.9041065828124999 0.36594267812500003 0.8749365578124999 0.37043439375 0.8746365125000001 0.4702239140625 0.9033631890624999 0.4707232421875 0.9041065828124999 0.36594267812500003
1 0.671889834375 0.39460815 0.65365576875 0.397402596875 0.653255709375 0.47326690625 0.6716241234375 0.4736677109375 0.671889834375 0.39460815
1 0.6988281828125 0.44152485468749997 0.7124048359375 0.44392073437499996 0.7114718609375 0.41397447343750005 0.671889834375 0.39460815 0.6716241234375 0.4736677109375 0.6981624125 0.47466636875 0.6988281828125 0.44152485468749997
1 0.7929093890625001 0.47288401249999995 0.792025675 0.471394984375 0.7916942828125 0.4396014328125 0.840682190625 0.4364957453125 0.8403791609375 0.471394984375 0.8412449625 0.4746529328125 0.8688610234375 0.4735893421875 0.86932975 0.400273175 0.7754933578125 0.40937975781249997 0.7761561421875001 0.47520376249999996 0.7926884609375 0.47520376249999996 0.7929093890625001 0.47288401249999995
0 0.7469338703124999 0.5466569640625 0.7503328859375 0.547102553125 0.7502477984375 0.54366099375 0.7383101953125 0.54244961875 0.737545903125 0.54391625625 0.7373324375 0.552901925 0.7469338703124999 0.5466569640625
0 0.7563039265625 0.5567890734375001 0.737460815625 0.5548611734375 0.7366666671875 0.5619278999999999 0.7561203171875001 0.5644043890625 0.7563039265625 0.5567890734375001
0 0.6728257953125001 1 0.6754500671875 0.9895029109375001 0.6664636515625 0.9885154500000001 0.6660247796875 0.9605687421875 0.6642707859375 0.937223465625 0.6579146140625001 0.9174944015625 0.6504612625 0.8576533812499999 0.65309150625 0.8234594718749999 0.6585714281249999 0.8103067625 0.67018958125 0.7938669953125 0.6835602328125 0.7810434390625 0.695178384375 0.76361845 0.7083296015625 0.7383004921875 0.708987909375 0.7192297359375 0.71117928125 0.706735334375 0.71446783125 0.6955575453125 0.720824003125 0.6866793546875 0.7260859828124999 0.678459471875 0.732003284375 0.6712248093750001 0.73660695625 0.669910434375 0.741428571875 0.6689252125 0.7440603078125 0.6597178687499999 0.7471279296875 0.6537998203125001 0.751512165625 0.6475526203124999 0.75962233125 0.6445924765625 0.7710210484375 0.6445924765625 0.781542021875 0.6475526203124999 0.7811046421875 0.6304545453125 0.7824197640625 0.6209202859375 0.78702194375 0.6189476046875 0.7935990453125 0.61796014375 0.8468637109375001 0.627496640625 0.8457680249999999 0.6127004031250001 0.8431377812499999 0.6127004031250001 0.8422600390625 0.6219055078125 0.8396297953125 0.6215763546875 0.8387535453125 0.6120420953125 0.8056545749999999 0.6057948953125 0.8023660250000001 0.61434393125 0.79973578125 0.61434393125 0.7999552171875 0.6061240484375 0.77584415625 0.6021786828125 0.772775040625 0.609740259375 0.7699253625 0.60941110625 0.7708016125 0.6008620687499999 0.7548007171875 0.599876846875 0.7526078515625 0.604151365625 0.6989043140625 0.594287953125 0.696932378125 0.613356471875 0.696054634375 0.6590595609375 0.6745738171875 0.6889811906250001 0.6651485296875 0.7018047468749999 0.595881475 0.675170175 0.559713390625 0.6636632328125 0.5579593968750001 0.6439364078125001 0.553794596875 0.61434393125 0.5546723390625 0.6071092703125001 0.556644275 0.6034930593750001 0.5601522609375 0.5988893859375 0.5625630687500001 0.5962606359375 0.5643170625 0.5946148671875 0.5640976265625001 0.593629646875 0.5640976265625001 0.590669503125 0.5643170625 0.5890259734375001 0.5649738765625 0.5867241375 0.535820271875 0.5975750109375 0.5255187343750001 0.5949440218750001 0.5252992984375 0.595273175 0.520258246875 0.594287953125 0.5204776828125001 0.5916569640625 0.5031601734375 0.5873824453125 0.503379609375 0.609740259375 0.5029407375 0.61302955625 0.5040364234375 0.6163166140625 0.504255859375 0.6176309890625 0.504255859375 0.618289296875 0.503379609375 0.61861845 0.5029407375 0.618289296875 0.5029407375 0.616974921875 0.5022839234375 0.6127004031250001 0.5014061796875 0.61237125 0.50031049375 0.6127004031250001 0.5009688015625 0.6232221234375 0.499871621875 0.6232221234375 0.49768025156249995 0.62289296875 0.49614569375000006 0.6222346625 0.4959262578125 0.6205911328125 0.4959262578125 0.618289296875 0.49526944375 0.6150022390625 0.4924197640625 0.6140147781249999 0.47028063906249995 0.6222346625 0.470937453125 0.63407075625 0.4630467234375 0.6360434390624999 0.462389909375 0.6235490375 0.42775638125000004 0.6363725921875 0.42775638125000004 0.6495253015625 0.422276459375 0.6491961484375001 0.42183758750000006 0.650839678125 0.41416629374999997 0.65248320625 0.41000149218750004 0.6485378421875 0.40802806406250003 0.647223465625 0.40123302031249997 0.6495253015625 0.3946574109375 0.6518271390625 0.392464546875 0.6518271390625 0.3893954328125 0.655772503125 0.3865472453125 0.6574160328125 0.3836975671875 0.6564308109375 0.38018958125 0.652812359375 0.3812852671875 0.6666233765625 0.370325421875 0.6689252125 0.3714226 0.65544335 0.315745634375 0.6741849531249999 0.317280190625 0.6893103453125 0.3111419609375 0.6922682484375 0.30982683906249997 0.6781303171874999 0.2412180921875 0.7018047468749999 0.242313778125 0.7182445140625 0.2263128828125 0.7244917156249999 0.2258740109375 0.70772279375 0.144551425 0.734355128125 0.14959247656250002 0.7553985671875 0.15945663593749998 0.7935378421875 0.1627451859375 0.8165539624999999 0.16603224375 0.8369390953125 0.1811568890625 0.88823331875 0.20000895624999998 0.9743775187500001 0.21094640937500003 1 0.6728257953125001 1