0 0.27188 0.7387143921875 0.2694675 0.7403598203125 0.269905 0.7742241375 0.26595749999999996 0.7808020984375 0.260475 0.7808020984375 0.2580625 0.74496251875 0.2407375 0.7492353828125 0.23788749999999997 0.7581146921874999 0.2376675 0.76238755625 0.23679 0.7633733140625 0.2343775 0.76436281875 0.23415750000000002 0.7548275859375 0.23108749999999997 0.7581146921874999 0.2297725 0.765348575 0.2277975 0.767320090625 0.2269225 0.7633733140625 0.2014825 0.7926386812499999 0.1999475 0.8324212890625 0.2962225 0.7742241375 0.3854825 0.7212893546875 0.3852625 0.668680659375 0.38307 0.6667091453125 0.384165 0.6614467765625001 0.399955 0.653556971875 0.4361425 0.637443778125 0.4644325 0.6246214390625 0.4644325 0.6223200906249999 0.46618750000000003 0.620348575 0.47167000000000003 0.61508620625 0.47693250000000004 0.6121289359375 0.4769575 0.6111619187499999 0.4597025 0.6080472265625 0.41289499999999996 0.62823838125 0.4127175 0.6392203890625 0.3907825 0.6480397296875 0.390515 0.6508470765625 0.3744675 0.6580659671875 0.37320000000000003 0.6565142421875 0.281115 0.6949625187499999 0.2744275 0.6993740625 0.2745125 0.7183283359375 0.27473000000000003 0.7314805093750001 0.27188 0.7387143921875
0 0.638185 0.6732083953125 0.6643725 0.6823388312499999 0.6665099999999999 0.6809707640625 0.6724475 0.6839355328125001 0.6855450000000001 0.6665854578125 0.651655 0.657829834375 0.6509825 0.66663793125 0.6477999999999999 0.6663643171875 0.6479825 0.6568215890625 0.6435150000000001 0.6558095953125 0.6299575 0.661105696875 0.6299575 0.670007496875 0.638185 0.6732083953125
0 0.6306 0.652781109375 0.6306 0.6562706140625 0.6348849999999999 0.6536994 0.6306 0.652781109375
0 0.6264700000000001 0.6711994 0.626655 0.6523988000000001 0.619465 0.6511994 0.61833 0.6704647671874999 0.6264700000000001 0.6711994
0 0.2388525 1 0.20178 0.9387031484374999 0.15854 0.8554910046875 0.18475250000000001 0.8393928031250001 0.1825425 0.7996214390625 0.07011500000000001 0.8034107953125 0.0644325 0.8791641671875 0.05022 0.8848463265625 0.0470625 0.78683658125 0.043272500000000005 0.7721589203125 0 0.7909520234375 0 1 0.2388525 1
1 0.08893 0.32594827656250003 0.088895 0.32767990937499997 0.08947000000000001 0.3309745125 0.09134250000000001 0.3343665671875 0.0942225 0.3377661171875 0.0959875 0.3389542734375 0.1001275 0.339550225 0.1007025 0.339550225 0.1048775 0.33831334375 0.10660750000000001 0.33539355312499997 0.107075 0.332368815625 0.1069675 0.330269865625 0.10617499999999999 0.328107196875 0.10315 0.324167915625 0.10027 0.3213605703125 0.093935 0.32119939999999997 0.0911275 0.32244002968749996 0.09036999999999999 0.3236281859375 0.08893 0.32594827656250003
1 0.650345 0.6242878562499999 0.6353275 0.621431784375 0.6318374999999999 0.6225412296874999 0.6309899999999999 0.642679909375 0.64876 0.6466454265625 0.650345 0.6242878562499999
1 0.69762 0.6338006 0.6535175 0.6253973015625001 0.65299 0.6318965515625 0.69762 0.6412518734375 0.69762 0.6338006
1 0.690535 0.6518778109375 0.6908525 0.651244378125 0.6922275 0.650131184375 0.6924375 0.6494977515625 0.6924375 0.648230884375 0.6924375 0.6466454265625 0.692545 0.645850825 0.6942375000000001 0.6444227890625001 0.65299 0.6369715140625 0.6521425 0.6472788609375 0.6901125 0.6553673156250001 0.690535 0.6518778109375
1 0.43459250000000005 0.577207646875 0.43584500000000004 0.5784407796875 0.4369675 0.5805772109375 0.43705499999999997 0.5917166421875 0.45325499999999996 0.5919752625 0.45718500000000006 0.5935944531249999 0.457705 0.54586206875 0.43318500000000004 0.5515029984375001 0.4331325 0.5692991000000001 0.43308 0.57656296875 0.43459250000000005 0.577207646875
1 0.4190325 0.5680547218750001 0.42146999999999996 0.5681334328125 0.421315 0.567743628125 0.42261 0.56720015 0.4331325 0.5692991000000001 0.43318500000000004 0.5515029984375001 0.4125525 0.5555434781249999 0.4125525 0.5693778109375 0.4185675 0.5708545734375 0.4190325 0.5680547218750001
1 0.4348375 0.5285457265625 0.43535500000000005 0.529707646875 0.43574250000000003 0.5318328328125 0.4367725 0.53241379375 0.4381925 0.5331859078125001 0.440515 0.53396176875 0.44089999999999996 0.5341529234375 0.4407725 0.535505996875 0.437805 0.5382158921875 0.45741250000000006 0.5387968515625 0.45780000000000004 0.49218890625 0.43294249999999995 0.4938080953125 0.4328925 0.5280997000000001 0.43432250000000006 0.5277736125 0.4348375 0.5285457265625
1 0.43516750000000004 0.4759520234375 0.43642250000000005 0.473669415625 0.43713749999999996 0.47339955 0.4384825 0.475281109375 0.43991499999999994 0.47716266875 0.4405425 0.4787743625 0.4405425 0.47917541249999995 0.43875000000000003 0.48186281875 0.4417975 0.4825337328125 0.4438575 0.4833395796875 0.4438575 0.48575712187500003 0.45711500000000005 0.48548725625 0.4573825 0.43781109375 0.4349 0.437406296875 0.432965 0.44075712187500005 0.43283250000000006 0.47679535156249997 0.43355499999999997 0.47702773593750003 0.43516750000000004 0.4759520234375
1 0.415505 0.5355997 0.41565 0.535168665625 0.41575749999999995 0.535007496875 0.41619 0.534467765625 0.4172325 0.5339280359374999 0.41752 0.5343590703125 0.4179525 0.5355997 0.41831250000000003 0.5355472265625 0.41910499999999995 0.5340892046875 0.4199325 0.534681409375 0.42079750000000005 0.534520240625 0.42097749999999995 0.5341454265625 0.42119249999999997 0.5334407796875 0.42151750000000004 0.5319827593750001 0.42177 0.53133808125 0.42321 0.529932534375 0.4243975 0.5300412296875 0.42555 0.5321476765625001 0.42623249999999996 0.5316604203125 0.42645 0.5303673156250001 0.42688 0.5293403296875 0.42803250000000004 0.5286919046875 0.4285375 0.529718890625 0.42954499999999995 0.53101199375 0.42939999999999995 0.5304722640625 0.4296175 0.529392803125 0.43087749999999997 0.52896176875 0.4328925 0.5280997000000001 0.43294249999999995 0.4938080953125 0.41249 0.4946851578125 0.41247999999999996 0.5141754125 0.415145 0.5142278859375 0.415505 0.5355997
1 0.42537 0.4558095953125 0.42537 0.45506371874999996 0.42537 0.4537593703125 0.4253075 0.452455021875 0.425245 0.45095952031250003 0.425245 0.449467765625 0.42574249999999997 0.44778860624999994 0.42611499999999997 0.446949025 0.42736 0.44620314843750003 0.4278575 0.445550975 0.42823 0.44443403281249994 0.4300975 0.44293853125 0.43047 0.44434032968750004 0.4295375 0.4468590703125 0.4295375 0.44816341875 0.4295375 0.45040104999999997 0.42935 0.45291979062500004 0.42872750000000004 0.45748875624999996 0.4307175 0.45739505312500006 0.43022 0.47679535156249997 0.43283250000000006 0.47679535156249997 0.432965 0.44075712187500005 0.41237250000000003 0.4394527734375 0.41236750000000005 0.456649175 0.424995 0.4559970015625 0.42537 0.4558095953125
1 0.413425 0.3702586203125 0.413995 0.370843328125 0.414025 0.3719265375 0.41347750000000005 0.37351199375 0.41420500000000005 0.37410794531249997 0.41475249999999997 0.375232384375 0.41465500000000005 0.375944528125 0.4146025 0.376806596875 0.41485500000000003 0.377031484375 0.4153525 0.377256371875 0.415555 0.377706146875 0.415755 0.378493253125 0.41578 0.379392803125 0.415555 0.38059595156250003 0.41520250000000003 0.3810794609375 0.415255 0.3817916046875 0.41540499999999997 0.381945278125 0.41595250000000006 0.382732384375 0.41586 0.3839092953125 0.41538 0.38485382343749996 0.41496000000000005 0.3855734625 0.41525999999999996 0.38620314843750003 0.41580000000000006 0.38701274375 0.41574 0.3878223390625 0.41513999999999995 0.38858695625 0.41466000000000003 0.3891716640625 0.41478000000000004 0.3896214390625 0.41532 0.3896214390625 0.41525999999999996 0.3905209890625 0.41513999999999995 0.39160045 0.41448 0.39205022500000003 0.41426999999999997 0.39357946093749996 0.41441999999999996 0.39357946093749996 0.41475 0.3942991 0.41403 0.3955584703125 0.41369999999999996 0.3958283359375 0.41369999999999996 0.39636806562500004 0.41367000000000004 0.39753748125 0.41238 0.3990217390625 0.4124525 0.426994003125 0.4202725 0.42751124375 0.4203125 0.388718140625 0.4203125 0.38736881562500003 0.42052750000000005 0.3854272859375 0.421105 0.38261994062500004 0.4215725 0.3819715140625 0.42286 0.38011244375 0.42405 0.378793103125 0.4244125 0.3763043484375 0.424725 0.374748875 0.425245 0.37296101875 0.42565749999999997 0.37148800625 0.42555249999999994 0.3704760125 0.42488000000000004 0.36868815625 0.4221125 0.363950525 0.41937499999999994 0.35685907031249997 0.417385 0.34445652187500003 0.4174475 0.3409107953125 0.418195 0.3362481265625 0.41937499999999994 0.332143928125 0.42012 0.3306521734375 0.42124249999999996 0.3303748125 0.42422750000000004 0.3337331328125 0.4248475 0.3359670171875 0.4254725 0.3405397296875 0.42572 0.34296101874999996 0.42565749999999997 0.3452961015625 0.4254725 0.3501461765625 0.42559500000000006 0.354531484375 0.42609250000000004 0.3580734625 0.4272125 0.3644152921875 0.42820749999999996 0.3642278859375 0.428335 0.3642278859375 0.428705 0.363950525 0.429575 0.3632009 0.4298875 0.3621776609375 0.43057249999999997 0.3609670171875 0.43194 0.36161919062500003 0.43362 0.3621776609375 0.43379 0.325618440625 0.43360000000000004 0.30851199375 0.41218000000000005 0.29880809531249997 0.412315 0.369943778125 0.41291500000000003 0.37003748125 0.413425 0.3702586203125
1 0.21397750000000001 0.6139542734375001 0.21397750000000001 0.6123500749999999 0.21397750000000001 0.609943778125 0.21397750000000001 0.6079385312500001 0.222805 0.6059332828125 0.2262825 0.6043290859375 0.229225 0.6035269859375 0.230295 0.6027248875 0.22976000000000002 0.6019227890625001 0.2289575 0.6003185906249999 0.2289575 0.5971101953125 0.2289575 0.5963080953125 0.2289575 0.5955059968749999 0.22949250000000002 0.5943028484374999 0.23083 0.5918965515625 0.2316325 0.590292353125 0.233235 0.58868815625 0.23376999999999998 0.58788605625 0.23403749999999998 0.5866829078125 0.23403749999999998 0.5842766109374999 0.23403749999999998 0.5826761625 0.233235 0.5814730140625 0.232165 0.5790667171874999 0.229225 0.5754572718750001 0.22788750000000002 0.5738530734375 0.2257475 0.572649925 0.2241425 0.570243628125 0.22441 0.5686394296875 0.22681749999999998 0.5690404796874999 0.2289575 0.570243628125 0.2305625 0.5714467765625 0.233235 0.573050975 0.2345725 0.5758583203125001 0.2361775 0.573050975 0.238585 0.5738530734375 0.23831750000000002 0.5750562218749999 0.237515 0.5782646171875 0.23831750000000002 0.5802698656249999 0.23912 0.5846776609375001 0.2404575 0.586281859375 0.243935 0.590292353125 0.24554 0.5947038984375 0.24447000000000002 0.5995164921875 0.252495 0.599917540625 0.259985 0.600719640625 0.2591825 0.609542728125 0.261055 0.609542728125 0.266405 0.6091416796875 0.270685 0.610344828125 0.274695 0.615157421875 0.2738925 0.6251836578125001 0.2744275 0.6993740625 0.281115 0.6949625187499999 0.274695 0.5329460265625 0.374735 0.5245277359375 0.3744675 0.6580659671875 0.390515 0.6508470765625 0.3907825 0.6480397296875 0.4127175 0.6392203890625 0.41217499999999996 0.262931034375 0.2060225 0.15625937031249998 0.20595249999999998 0.43229010468749995 0.206220265625 0.43228571718750003 0.206345 0.61831334375 0.20183 0.62298725625 0.21451250000000002 0.6159595203125 0.21290749999999997 0.614355321875 0.21397750000000001 0.6139542734375001
1 0.2304275 0.43188905625 0.25517 0.43188905625 0.3883775 0.44031109375 0.402285 0.4391079453125 0.4020175 0.424670165625 0.37527 0.42186281875000003 0.37099000000000004 0.2823088453125 0.3696525 0.2786994 0.3653725 0.2706784109375 0.36323249999999996 0.26305847031249996 0.3610925 0.25744377812499997 0.3552075 0.24902173906249997 0.34772 0.24059970000000003 0.335415 0.2309745125 0.3223075 0.2241604203125 0.3065275 0.2213530734375 0.2963625 0.22215517187499997 0.29020999999999997 0.22375937031249998 0.2894075 0.22496251875 0.286465 0.23137556250000002 0.285395 0.23538605625 0.2819175 0.24019865 0.276835 0.2446101953125 0.2808475 0.4114355328125 0.2682775 0.410232384375 0.25436749999999997 0.41303972968749997 0.2549025 0.43148800625000006 0.2304275 0.43188905625
1 0.19377 0.6181521734375 0.194415 0.62298725625 0.20183 0.62298725625 0.206345 0.61831334375 0.2060225 0.15625937031249998 0.1692 0.1962893546875 0.1698125 0.3999737625 0.19280250000000002 0.4023538234375 0.19377 0.6181521734375
1 0 0.49353823124999996 0.021025 0.49290105000000006 0.021115000000000002 0.491956521875 0.019139999999999997 0.4922263875 0.017 0.491956521875 0.0167275 0.49075712187500004 0.015387500000000002 0.48860944531249995 0.014302500000000001 0.48820464843750006 0.0128725 0.48820464843750006 0.010897500000000001 0.488069715625 0.008215 0.4865779609375 0.008395 0.48443403281249997 0.0110775 0.4838905546875 0.0160975 0.4849737625 0.01771 0.48429535156250003 0.016819999999999998 0.483369565625 0.01789 0.4814917546875 0.020315 0.482556221875 0.0252425 0.485243628125 0.028815 0.485243628125 0.0315125 0.48470389843749995 0.0366975 0.48363942968750007 0.0403725 0.48363942968750007 0.0404625 0.4838905546875 0.04396 0.48483883125 0.0472475 0.48390929531250004 0.0503575 0.483444528125 0.0514025 0.48261244375 0.0535575 0.48261244375 0.0541625 0.4838343328125 0.055284999999999994 0.483444528125 0.0565875 0.4826724140625 0.05949 0.4821101953125 0.0615675 0.48275112499999995 0.0626 0.48398800625 0.06343750000000001 0.48390929531250004 0.06467500000000001 0.48390929531250004 0.0662875 0.4838343328125 0.0673725 0.48352323906250005 0.0687775 0.4830584703125 0.0702225 0.48259370312499994 0.07199 0.48259370312499994 0.0727625 0.48290479687500004 0.07364000000000001 0.48321214375 0.07442750000000001 0.48321214375 0.07546 0.4830584703125 0.07738249999999999 0.4824212890625 0.079135 0.4821101953125 0.0802325 0.48195652187500004 0.0815225 0.4820352328125 0.081625 0.4830584703125 0.0810575 0.4836019484375 0.07982 0.48452773593750004 0.0775875 0.48646176875 0.0735375 0.48942278906250003 0.0697075 0.49050599687499996 0.0659775 0.4906596703125 0.0672175 0.49106446718749996 0.06919 0.4914542734375 0.07132 0.4914542734375 0.07359 0.4922263875 0.073745 0.49758245937499995 0.0784125 0.49758245937499995 0.0787225 0.5016266859375 0.100885 0.499730134375 0.10058750000000001 0.4965967015625 0.10058750000000001 0.4941416796875 0.1009625 0.4912218890625 0.10149 0.48920914531250004 0.1024575 0.4865217390625 0.10350250000000001 0.482267615625 0.0996975 0.4818215890625 0.09932250000000001 0.4672788609375 0.10350250000000001 0.46660044999999994 0.1024575 0.4536244375 0.13309500000000002 0.45368065937499996 0.13632 0.49619190468749996 0.1359575 0.49766116875 0.1354925 0.4982983515625 0.1441625 0.49820089999999995 0.14384 0.49657796093749995 0.1420075 0.495918290625 0.1390925 0.4933845578125 0.1374025 0.4904272859375 0.13692500000000002 0.48799100468749995 0.1371825 0.48605697187499997 0.13768750000000002 0.48474137968750003 0.139505 0.481394303125 0.13939 0.48000374843750004 0.1386675 0.4791529234375 0.1378025 0.4783395796875 0.137325 0.4779910046875 0.156365 0.47752623749999995 0.15529500000000002 0.44973763125 0.1703475 0.448519490625 0.17062 0.42005247343749996 0 0.406780359375 0 0.49353823124999996
1 0.0304875 0.2859895046875 0.0273675 0.2885644671875 0.024032500000000002 0.2965142421875 0.0246025 0.2998538234375 0.02569 0.305449775 0.027142500000000003 0.3097263875 0.0327425 0.319130434375 0.04088 0.32503748125 0.045442500000000004 0.32589205468750004 0.04959 0.3259707640625 0.0516625 0.32589205468750004 0.05373750000000001 0.325580959375 0.05555 0.32511244375000004 0.058247499999999994 0.3241041984375 0.06032 0.3228598203125 0.062029999999999995 0.3212293859375 0.0630675 0.3202961015625 0.06483 0.316330584375 0.06554750000000001 0.3129235375 0.06550500000000001 0.3081971515625 0.06550500000000001 0.305348575 0.06541749999999999 0.3039205390625 0.064295 0.30223763125 0.0638625 0.300749625 0.06343 0.299130434375 0.0631275 0.2982233890625 0.0623075 0.2971851578125 0.06179 0.29582458749999996 0.060665000000000004 0.293819340625 0.0595425 0.2932346328125 0.05867750000000001 0.29220015 0.05816 0.2909032984375 0.057425000000000004 0.290449775 0.0562175 0.289868815625 0.055352500000000006 0.2890254875 0.0546175 0.288249625 0.053755 0.2870839578125 0.052717499999999994 0.28598200937499996 0.051680000000000004 0.2857233890625 0.05021250000000001 0.285655921875 0.0490875 0.28513868124999997 0.046712500000000004 0.2839730140625 0.044637500000000004 0.2838455765625 0.04291 0.28358695625 0.03919 0.282769865625 0.0355375 0.28389430312499997 0.0304875 0.2859895046875
1 0 0.71873688125 0.033665 0.7083245875 0.02412 0.6387031484375 0 0.6434632687499999 0 0.71873688125
1 0.10525999999999999 0.364782609375 0.1044325 0.365018740625 0.10318750000000002 0.3651724140625 0.10152749999999999 0.365018740625 0.099455 0.36486131875 0.097175 0.3644715140625 0.095205 0.3640854578125 0.09313 0.363230884375 0.09333749999999999 0.3847601203125 0.10634999999999999 0.3856896546875 0.10525999999999999 0.364782609375
1 0.07711 0.38509745156249997 0.0791125 0.383519490625 0.08256 0.3837106453125 0.09204 0.384617690625 0.09136999999999999 0.3628260875 0.0866525 0.3600712140625 0.0809625 0.3562331328125 0.07729749999999999 0.352642428125 0.0737225 0.3484107953125 0.071265 0.344269115625 0.0702125 0.34508620625 0.069765 0.34616191875 0.06937750000000001 0.3467091453125 0.06808499999999999 0.3471589203125 0.0673625 0.3474250375 0.066855 0.347694903125 0.0661675 0.348230884375 0.0656825 0.34872563749999996 0.065385 0.3489467765625 0.0632575 0.34931784062500004 0.06269 0.34931784062500004 0.06129250000000001 0.35005622187499996 0.05961999999999999 0.350468515625 0.058545 0.3505022484375 0.0574475 0.3505022484375 0.056917499999999996 0.3506146921875 0.056075 0.3511956515625 0.055262500000000006 0.3516904046875 0.0567775 0.3841341828125 0.07499 0.3863718140625 0.0751625 0.38956146875000003 0.0771625 0.3896739125 0.07711 0.38509745156249997
1 0.0501325 0.3506709140625 0.0480425 0.3515667171875 0.0467775 0.35201274374999997 0.04394 0.35133808125 0.0414775 0.34988755625 0.040279999999999996 0.34988755625 0.0388625 0.3506709140625 0.03789 0.350217390625 0.0377175 0.38221889062500003 0.054912499999999996 0.3842916046875 0.0537925 0.3517841078125 0.05133 0.35078335781250003 0.0501325 0.3506709140625
1 0 0.38129685156250004 0.0161075 0.3829535234375 0.019095 0.3803410796875 0.036015000000000005 0.38211394374999996 0.036345 0.3493778109375 0.035325 0.34861319375 0.0338875 0.347668665625 0.031785 0.347754871875 0.030435 0.347668665625 0.029210000000000003 0.34649550156250003 0.027350000000000003 0.34523613124999997 0.026025 0.3439767609375 0.02381 0.34316341875 0.0200275 0.340517240625 0.019705 0.3393328328125 0.0189825 0.33836206875 0.017632500000000002 0.3378410796875 0.015604999999999999 0.3365254875 0.0149075 0.3354347828125 0.01403 0.33438905625 0.013005 0.3320277359375 0.01163 0.3312743625 0.009385000000000001 0.32913793125 0.007585 0.3262106453125 0.0068449999999999995 0.32335457343749996 0.0055075 0.321806596875 0.004085 0.319595203125 0.00335 0.3175262375 0.0017950000000000002 0.31552098906250003 0.0013225 0.3135157421875 0 0.30985757187499996 0 0.38129685156250004
1 0 0.2842466265625 0.0009350000000000001 0.2840029984375 0.0007250000000000001 0.28149925 0.00103 0.2800337328125 0.0023725 0.2775037484375 0.0028150000000000002 0.276844078125 0.0036775 0.27641304375 0.0036775 0.27589580156250004 0.00358 0.2739955015625 0.0041 0.27296101875 0.00523 0.27017241406250003 0.00617 0.2701161921875 0.007435 0.2701161921875 0.007435 0.2697413796875 0.007435 0.2691979015625 0.0076075000000000005 0.2680472265625 0.0093725 0.26525862031249997 0.010675 0.2647413796875 0.012785 0.2653148421875 0.013264999999999999 0.2649400296875 0.013264999999999999 0.264681409375 0.013264999999999999 0.26338830625 0.01361 0.2628710640625 0.014682500000000001 0.262095203125 0.0172725 0.26039730156249996 0.018635 0.260457271875 0.0196875 0.26048350781249996 0.020205 0.2606859078125 0.020569999999999998 0.2606296859375 0.02105 0.2602848578125 0.021395 0.2595089953125 0.022085 0.2583020984375 0.02525 0.257350075 0.02594 0.257350075 0.026437500000000003 0.257582459375 0.0273975 0.25815592187499997 0.028489999999999998 0.2580997 0.02918 0.257754871875 0.0298325 0.256143178125 0.033955 0.25600075 0.034855000000000004 0.256949025 0.0363125 0.257350075 0.036907499999999996 0.25720764687500003 0.037790000000000004 0.25600075 0.03942 0.256056971875 0.041357500000000005 0.2561169421875 0.041662500000000005 0.25648800625 0.042085 0.25720764687500003 0.042815 0.25781109375 0.0435625 0.2583020984375 0.04408 0.2583020984375 0.045095 0.25723763125 0.0482225 0.2581859078125 0.0490275 0.2595352328125 0.05083 0.259681409375 0.051539999999999996 0.2595352328125 0.052115 0.2590479765625 0.0561975 0.2613755625 0.056620000000000004 0.262267615625 0.05735 0.263530734375 0.0583075 0.26393553281250004 0.059247499999999995 0.26376311874999997 0.06032 0.263444528125 0.063275 0.265142428125 0.0637725 0.265832084375 0.06402250000000001 0.2672413796875 0.06427000000000001 0.2677286359375 0.0652675 0.267931034375 0.0662075 0.2680472265625 0.0671475 0.26821964062500003 0.06824 0.26882308906249996 0.0691425 0.27023238437499997 0.06962 0.2714392796875 0.070215 0.2733920546875 0.07102 0.27368065937499997 0.0714225 0.2739955015625 0.07219 0.27440030000000004 0.0733225 0.275232384375 0.0743 0.2761244375 0.07499 0.2771589203125 0.0751625 0.278080959375 0.07547000000000001 0.279430284375 0.0758725 0.280292353125 0.07690749999999999 0.280982009375 0.077425 0.28124062968749997 0.0794975 0.284606446875 0.07972749999999999 0.28638680625 0.080205 0.28765367343750003 0.08158750000000001 0.2878260875 0.08314 0.28983883125 0.083945 0.2918215890625 0.083945 0.29311469218749997 0.083945 0.29521364375000003 0.0846925 0.2956746625 0.0897925 0.294782609375 0.094875 0.294782609375 0.100015 0.2959332828125 0.10617000000000001 0.2984332828125 0.11259250000000001 0.3028598203125 0.119075 0.30912668593750003 0.1221425 0.3135832078125 0.125 0.31973763125 0.1266875 0.3248838078125 0.12822 0.33212518750000003 0.1284325 0.3384520234375 0.127915 0.34382683593749996 0.126035 0.34923163437500004 0.12312000000000001 0.35363193437499996 0.11896 0.35808845625 0.1147975 0.3613643171875 0.1114425 0.3631484265625 0.10686 0.36418290781249996 0.10772250000000001 0.386431784375 0.12118500000000001 0.3881596703125 0.12133750000000001 0.39462518750000003 0.1698125 0.3999737625 0.1692 0.1962893546875 0.168585 0.1945652171875 0 0.1227211390625 0 0.2842466265625
1 1 0.1260794609375 0.43360000000000004 0.30851199375 0.43379 0.325618440625 0.43356000000000006 0.3661956515625 0.43435750000000006 0.370749625 0.436275 0.3738643171875 0.43755499999999997 0.3793740625 0.437715 0.38536356875 0.4383525 0.3963830578125 0.4389925 0.409081709375 0.43931250000000005 0.41842578750000003 0.4386725 0.4241754125 0.4386725 0.428969265625 0.4596025 0.4318478265625 0.4597025 0.6080472265625 0.4769575 0.6111619187499999 0.4820725 0.6111619187499999 0.4889425 0.6126012000000001 0.495175 0.6097263875000001 0.49901 0.6080472265625 0.5055625 0.610682159375 0.5055625 0.60253748125 0.5047625 0.59966266875 0.5041249999999999 0.5982233890625 0.503005 0.5917541234375 0.503005 0.5867241375 0.503165 0.5819340328125 0.5023675 0.56516116875 0.5023675 0.554381559375 0.5029425 0.5482458765625 0.526115 0.5408208390625 0.5273925 0.5403410796875 0.52851 0.5389017984375 0.526115 0.5326724140625 0.5254749999999999 0.5297976015625 0.524355 0.526443028125 0.5240375 0.52428785625 0.5240375 0.523568215625 0.526115 0.5233283359375 0.5288299999999999 0.5233283359375 0.5318674999999999 0.5252473765625 0.5363425 0.526443028125 0.5378625 0.3260532234375 0.592785 0.311919040625 0.5930975 0.5654347828125 0.6015675 0.5659145421875 0.602045 0.568069715625 0.603325 0.56998875625 0.60588 0.5726236874999999 0.6087575000000001 0.5769340328125 0.610515 0.580768365625 0.6125925 0.5862781109374999 0.61563 0.587957271875 0.61419 0.595618440625 0.61547 0.596581709375 0.618665 0.5987331328125001 0.6202625 0.5999287859375 0.619465 0.6511994 0.626655 0.6523988000000001 0.627935 0.6315554718749999 0.627935 0.6205322343749999 0.62715 0.5738043484375 0.62587 0.5658958015625 0.62603 0.56350075 0.62651 0.561105696875 0.6292275 0.5596701656249999 0.6456875 0.5515217390625 0.647285 0.55008620625 0.647285 0.5486469265625 0.6471250000000001 0.545292353125 0.6471250000000001 0.5428973015625 0.646965 0.5390629687499999 0.646645 0.536667915625 0.6452074999999999 0.53331334375 0.6445675 0.5306784109375 0.646325 0.5290029984375 0.6484025 0.5306784109375 0.6522375 0.5335532234375 0.6552749999999999 0.5357083953124999 0.65911 0.5357083953124999 0.6693374999999999 0.5376274359375001 0.6734924999999999 0.5376274359375001 0.6771675 0.538107196875 0.6821025 0.536394303125 0.6864950000000001 0.535993253125 0.6923549999999999 0.535993253125 0.6959500000000001 0.53519865 0.7008775 0.5343965515625 0.705805 0.534194153125 0.70514 0.5367916046875 0.70394 0.5413830578125001 0.70301 0.547170165625 0.7042075 0.5503710640625 0.7042075 0.55336206875 0.704475 0.5563605703125 0.7074024999999999 0.5559595203125001 0.70534 0.2796589203125 0.803345 0.2568140921875 0.8010949999999999 0.5693628187499999 0.8026674999999999 0.5710307343750001 0.8086774999999999 0.5735269859375001 0.81164 0.574632684375 0.8207924999999999 0.5753260874999999 0.8236575 0.5771289359375 0.8284675 0.5792091453125 0.8288375 0.5807346328125 0.8289300000000001 0.5857233890625 0.8293925 0.5862781109374999 0.8319825 0.5848913046875001 0.8359574999999999 0.5814242875 0.8393775 0.577679909375 0.8458024999999999 0.5740142421875001 0.8515124999999999 0.5724100453125 0.85383 0.5738155921875 0.8561500000000001 0.575217390625 0.858735 0.5761544234375 0.8641775 0.57648800625 0.8703150000000001 0.5808058468749999 0.87431 0.58261244375 0.87812 0.5851199406250001 0.88416 0.5912481265625 0.89180663125 0.6033358718749999 0.8918075 0.603568215625 0.9036949999999999 0.61966266875 0.9179700000000001 0.6568403296875001 0.9197274999999999 0.661630434375 0.91733 0.6657046484375 0.9197274999999999 0.673369565625 0.9237225 0.67959895 0.9275575 0.6863080953125 0.93475 0.7037968515624999 0.94306 0.7155359812500001 0.9516600000000001 0.7341079453125 0.991725 0.743950525 0.991595 0.7478973015625 1 0.749895053125 1 0.174568965625 0.9862575 0.1795239875 0.9847725 0.1795239875 0.9846475 0.178781859375 0.983935 0.1765517234375 0.9822675000000001 0.17418665625000002 0.9810874999999999 0.171907796875 0.9794750000000001 0.170007496875 0.977215 0.168005996875 0.9758850000000001 0.16703148437499998 0.9735925 0.1657346328125 0.9712999999999999 0.16480135 0.9677725 0.163549475 0.9638075 0.16294602656249998 0.9621475 0.162350075 0.9617150000000001 0.1578148421875 0.968985 0.1452473765625 1 0.13613942968749998 1 0.1260794609375