1 0.22582201093749998 0.6204763843750001 0.22478082656249998 0.30756918906249997 0.193599184375 0.2861828171875 0.19416032656249999 0.643212540625 0.200692934375 0.6403827359375 0.20038587031250002 0.6344177531249999 0.1992635875 0.63288884375 0.22582201093749998 0.6204763843750001
1 0.306543478125 0.3829600984375 0.2354605984375 0.382548859375 0.2352282609375 0.6204763843750001 0.2443654890625 0.6160504890625 0.2440108703125 0.38675285000000004 0.3066331515625 0.38707247499999997 0.306543478125 0.3829600984375
1 0.2354605984375 0.382548859375 0.306543478125 0.3829600984375 0.3063722828125 0.30851384375 0.22507472812499998 0.307770765625 0.22582201093749998 0.6204763843750001 0.2352282609375 0.6204763843750001 0.2354605984375 0.382548859375
1 0.30584375 0.6295602609375 0.3060489125 0.6367508140625 0.3056385875 0.63794991875 0.3257785328125 0.6377341203125 0.32551222812499997 0.2943811078125 0.306355978125 0.2943505703125 0.307032609375 0.5322048046875001 0.307032609375 0.6288843640625 0.30584375 0.6295602609375
1 0.6533084234375 0.3889800484375 0.6695842390625 0.3889800484375 0.67013179375 0.6525671828124999 0.6744836953125 0.656718240625 0.6763165765625 0.32193200312500003 0.6530788046875 0.3453033390625 0.6533084234375 0.3889800484375
1 0.6092391296875 0.3919951140625 0.60905570625 0.390625 0.6101535328125001 0.389802525 0.6533084234375 0.3889800484375 0.6530788046875 0.3453033390625 0.6001141296875 0.3453033390625 0.59991304375 0.40103623749999995 0.608324728125 0.39281758906249997 0.608324728125 0.392542753125 0.6092391296875 0.3919951140625
1 0.70069429375 0.2295684046875 0.676630434375 0.2630232078125 0.6744836953125 0.656718240625 0.70016304375 0.6814210093749999 0.70069429375 0.2295684046875
1 0.676630434375 0.2630232078125 0.3253396734375 0.2617935671875 0.3256657609375 0.32192589531250004 0.6763165765625 0.32193200312500003 0.676630434375 0.2630232078125
1 0.3394714671875 0.6584975562500001 0.3387663046875 0.32194421875 0.3256657609375 0.32192589531250004 0.32580162968750004 0.658365228125 0.323862771875 0.6600814328125 0.3398233703125 0.6602137625 0.3394714671875 0.6584975562500001
1 0.338974184375 0.4366632734375 0.3507146734375 0.4406453578125 0.350394021875 0.3338131109375 0.3387663046875 0.32194421875 0.338974184375 0.4366632734375
1 0.6763165765625 0.32193200312500003 0.3387663046875 0.32194421875 0.350394021875 0.3338131109375 0.6001141296875 0.33548452812499996 0.6001141296875 0.3453033390625 0.6530788046875 0.3453033390625 0.6763165765625 0.32193200312500003
0 0.58177445625 1 0.566807065625 0.8934670203125 0.566807065625 0.8746498375 0.5678980984375 0.8550142515625 0.5706290765625 0.8321050484375 0.5728125000000001 0.823106678125 0.5728125000000001 0.804287459375 0.5717214671875 0.770743078125 0.5728125000000001 0.715109934375 0.5739048906249999 0.701201140625 0.5760896734375 0.6938375406249999 0.5782730984375 0.6922007328124999 0.5859171203125 0.6913823296875 0.7001453796875 0.690930375 0.70016304375 0.6814210093749999 0.6744836953125 0.656718240625 0.67013179375 0.6525671828124999 0.6705516296875 0.6635647390625 0.66836820625 0.665201546875 0.6661834234375 0.6643831437500001 0.6645461953125 0.6611115640625 0.609942934375 0.6619299671875 0.6066671203125 0.660293159375 0.6061209234375 0.6668383546875 0.34075 0.6692935671875 0.3398309796875 0.6602883296875001 0.323862771875 0.6600814328125 0.32580162968750004 0.658365228125 0.3257785328125 0.6377341203125 0.3060489125 0.6367508140625 0.30580434843750004 0.6324755703125 0.30362092343749997 0.634112378125 0.301436140625 0.63493078125 0.2981603265625 0.6357491859375 0.269220109375 0.6357491859375 0.25611548906250003 0.63493078125 0.25556929375 0.634112378125 0.2637608703125 0.629203990625 0.2730421203125 0.6242935671875001 0.2451956515625 0.6234751625 0.2443654890625 0.6160504890625 0.2352282609375 0.6204763843750001 0.22582201093749998 0.6204763843750001 0.1992635875 0.63288884375 0.20038587031250002 0.6344177531249999 0.2004211953125 0.634112378125 0.200692934375 0.6403827359375 0.19416032656249999 0.643212540625 0.1937853265625 0.8066551296875 0.197699728125 0.8057797234375 0.1983206515625 0.8248310265625 0.0375353265625 1 0.58177445625 1
1 0.0375353265625 1 0.1983206515625 0.8248310265625 0.197699728125 0.8057797234375 0.15522690156250002 0.8495480453124999 0.155407609375 0.86599755625 0.0311480984375 0.9999898203124999 0.031145379687500002 1 0.0375353265625 1
1 0.062313859375 0 0.1329103265625 0.0800977203125 0.1335529890625 0.2307491859375 0.12759375 0.2304865640625 0.1274769015625 0.233112784375 0.038676629687500005 0.23162459218749998 0 0.20911645 0 0.5755557812500001 0.000001359375 0.5755578171875 0.0045 0.575995521875 0.006720109375 0.57625814375 0.009349184375 0.57695846875 0.009641304687500001 0.5787092828125 0.009641304687500001 0.5801974750000001 0.0094660328125 0.5808102609375 0.0099918484375 0.5816856671874999 0.0101086953125 0.5824735343749999 0.010576087500000001 0.5844869703125 0.011101901562499999 0.5853623781249999 0.0113355984375 0.586062703125 0.011567934375 0.5868505703125 0.01174320625 0.5879886 0.01174320625 0.588951546875 0.011684782812499999 0.5899144953125 0.0113355984375 0.5915757328125 0.010751359375 0.5930639249999999 0.010342390625 0.5941144140625 0.0104592390625 0.5977035828124999 0.01086820625 0.5977035828124999 0.0115095109375 0.5980537453125 0.01174320625 0.598754071875 0.01174320625 0.599454396875 0.011801629687499999 0.5999796421875 0.0115095109375 0.6005048859375 0.011101901562499999 0.601292753125 0.0109266296875 0.60173045625 0.011043478125 0.602518321875 0.011101901562499999 0.6033937296875 0.011101901562499999 0.6040065140624999 0.010576087500000001 0.6042691375 0.010342390625 0.604356678125 0.010985054687499999 0.6066327359375 0.01209375 0.61022190625 0.01209375 0.6125855046875001 0.0119769015625 0.6152117265625 0.011392662500000001 0.617487784375 0.011567934375 0.620376628125 0.01244429375 0.6208143328125 0.012619565625 0.6218648203125 0.012970109375 0.623265471875 0.012970109375 0.6246661234374999 0.013028532812499998 0.626329396875 0.013028532812499998 0.6269421828125 0.012502717187500002 0.628517915625 0.011684782812499999 0.62930578125 0.0119769015625 0.6348208468750001 0.012736412499999999 0.6349083875 0.012970109375 0.6358713359375 0.013262228125 0.63744706875 0.013262228125 0.638495521875 0.0127948375 0.6399837140625 0.012327445312500001 0.6413843640625 0.0119769015625 0.64199715 0.0118600546875 0.6467243484375 0.0126779890625 0.6471620515625001 0.013028532812499998 0.64830008125 0.013203804687500001 0.6498758140625001 0.013203804687500001 0.65171416875 0.012970109375 0.6529397390625 0.012736412499999999 0.65372760625 0.011918478125 0.65477809375 0.01209375 0.6593302125 0.013320651562499999 0.660468240625 0.013495923437499998 0.6610810265625 0.013612771874999999 0.6635321656250001 0.013262228125 0.6651078984375001 0.0127948375 0.6665960906249999 0.011918478125 0.6669462546875 0.012269021875 0.67141083125 0.01308695625 0.671848534375 0.013262228125 0.67246131875 0.0134375 0.6729865640625 0.013554348437499999 0.6741245921875 0.013788043750000001 0.675700325 0.0137296203125 0.6767508140625 0.0136711953125 0.6787642515625001 0.013028532812499998 0.6793770359375 0.0126779890625 0.6797271984375 0.012911684375 0.6837540718749999 0.0131453796875 0.6856799671875 0.012970109375 0.68786645 0.0128532609375 0.6900549671875 0.012502717187500002 0.691718240625 0.0114510875 0.6936441375 0.009641304687500001 0.6960077359375 0.0094660328125 0.6978460906249999 0.009057065625000001 0.6993342828125 0.0086480984375 0.7004723125 0.0072459234375 0.7018729640625 0.003974184375 0.7043241046875 0.0017540765625 0.705549675 0.0008777171875 0.706337540625 0.000293478125 0.7086136 0.0023967390625 0.712465390625 0.0037989125 0.715354234375 0.0037989125 0.7179804562500001 0.0032146734375 0.7212194625 0.0025720109375 0.7234079796875 0.0010529890625 0.726734528125 0 0.728281759375 0 0.7396193 0.0042078796875 0.7416144140625 0.0101086953125 0.7448534203125 0.0140217390625 0.7472170203124999 0.0373913046875 0.73496131875 0.148800271875 0.73391083125 0.1493260875 0.734436075 0.149501359375 0.738200325 0.1505529890625 0.7375 0.1555774453125 0.7375 0.15522690156250002 0.8495480453124999 0.197699728125 0.8057797234375 0.1937853265625 0.8066551296875 0.19419429375 0.6068078171875 0.169949728125 0.611359934375 0.1551100546875 0.6165248375 0.153123640625 0.616174675 0.1529483703125 0.5199714984375 0.1540584234375 0.5195337953125 0.16977445625 0.51848330625 0.1939021734375 0.51883346875 0.193317934375 0.0497231265625 0.1939605984375 0.049460504687500004 0.19407744531249999 0.0490228015625 0.1937269015625 0.048410015625000004 0.1597228265625 0 0.062313859375 0
1 0.8443926625 0 0.7007364125 0.2097231265625 0.7001453796875 0.690930375 0.729112771875 0.6910036640625 0.7777201093749999 0.6904132734374999 0.7787296203125 0.6893078171875 0.7799103265625 0.6884588765624999 0.7815597828125 0.6875732906249999 0.7825448374999999 0.6871315140625 0.7832092390625001 0.6873534203125 0.784095109375 0.68772190625 0.7858913046875 0.689012621875 0.7876385875 0.6906351796875 0.841956521875 0.6904132734374999 0.842349184375 0.6890492671875 0.84385054375 0.68613599375 0.845869565625 0.683296009375 0.8473464671875 0.679165309375 0.8484293484375 0.6766592015625 0.8505448375 0.673082246875 0.8519483703124999 0.6706107484375 0.8531046203124999 0.6680659609374999 0.854311140625 0.6654478828125 0.856550271875 0.6610219875000001 0.8576331515625 0.6579254890625 0.8603410328125 0.6534995921875 0.8617921203125001 0.6513232906249999 0.862900815625 0.6493688921875 0.8647459234375001 0.6461604234375 0.86568070625 0.6434690546875 0.8659769015625001 0.6408509765625 0.8663953796874999 0.6389332249999999 0.866838315625 0.63775244375 0.8673301625000001 0.6372007328125 0.868782609375 0.6365004078125 0.8698899453125 0.6354662046875 0.8702092390624999 0.6339189734375 0.87124320625 0.631779315625 0.8725720109375 0.63008346875 0.8734334234375 0.62772190625 0.8750339671875 0.6227076546875 0.875623640625 0.62182206875 0.875845109375 0.6204580625 0.875550271875 0.6189087953125 0.875279890625 0.616954396875 0.875599184375 0.6148534203125 0.87564945625 0.6129356671874999 0.8750339671875 0.6090268734375 0.8745665765625 0.605781759375 0.8745407609375 0.6030883546875 0.87483695625 0.6013558625 0.8755258156249999 0.6000285015625 0.8768301624999999 0.5988477203125 0.8785285328124999 0.5977422640625 0.8805706515624999 0.5974104234375 0.8820720109375 0.597815553125 0.883057065625 0.5983326546875001 0.8840665765625 0.5996966609375 0.8853709234375 0.600765471875 0.8864538046874999 0.601687703125 0.8875855984375001 0.602683225 0.88903804375 0.604896171875 0.8908342390625 0.6080313515625 0.8919660328125 0.6100590390625 0.8932214671875001 0.6119767921875 0.8948206515624999 0.6138578984375 0.90089945625 0.6163273609375 0.9039769015625 0.616954396875 0.9224592390625 0.623776465625 0.92346875 0.6252890875 0.9259048906249999 0.625879478125 0.9334605984375001 0.6282390062500001 0.9570135875 0.6363517921875 0.9692214671875 0.640704396875 0.9828315218749999 0.6457186484374999 0.9897228265625 0.6486319218750001 0.9936358703125 0.6506962546875 0.9968355984375 0.6525407171875 1 0.6534731265625 1 0 0.8443926625 0
1 0.19419429375 0.6068078171875 0.1939021734375 0.51883346875 0.16977445625 0.51848330625 0.169949728125 0.611359934375 0.19419429375 0.6068078171875