0 1 0.76039215625 0.99539215625 0.7597058828125001 0.995669934375 0.760196078125 0.9279575156250001 0.736813725 0.9215196078125001 0.7358088234375 0.9168137249999999 0.7367156859375 0.8836928109375 0.7367156859375 0.8680392156250001 0.7358088234375 0.8511764703125 0.7349264703125 0.8485294124999999 0.7261764703125 0.8339705875 0.7322794125 0.8348856203125001 0.78198529375 0.8017810453124999 0.78142156875 0.7953758171875001 0.7762990203125 0.7961274515625 0.7379411765625 0.7929738562499999 0.736813725 0.7650817 0.7367156859375 0.7319771234375 0.7358088234375 0.71357843125 0.7316421562500001 0.5923202609375 0.7266176468750001 0.59289215625 0.7349264703125 0.4983660125 0.7331127453125 0.4966666671875 0.7237990203125 0.3568464046875 0.726225490625 0.331960784375 0.731225490625 0.32999999999999996 0.777524509375 0.293905228125 0.7782598046875 0.293856209375 0.7279901953125 0.1918627453125 0.7279901953125 0.170065359375 0.7293382359375 0.1588071890625 0.7349264703125 0.1556535953125 0.9369362750000001 0.142434640625 0.9449019609375 0.07452614375 0.9418382359375 0.07331699375 0.9453431374999999 0.07763071875000001 0.763897059375 0.021977123437500003 0.7827941171874999 0.0033006531249999997 0.7820098046874999 0 0.85375 0 1 1 1 1 0.9002450984375001 0.9794281046875 0.8965686281249999 0.983643790625 0.8649509796875 0.9878431375 0.8604411765625001 0.9914705875 0.8306372546875 1 0.8262009796875001 1 0.76039215625
1 0.09076797343750001 0 0.07452614375 0.9418382359375 0.142434640625 0.9449019609375 0.1558496734375 0.000196078125 0.1458986921875 0 0.09076797343750001 0
1 0.169117646875 0.0025 0.1558496734375 0.000196078125 0.142434640625 0.9449019609375 0.1556535953125 0.9369362750000001 0.169117646875 0.0025
1 0.170065359375 0.7293382359375 0.1918627453125 0.7279901953125 0.1928758171875 0.6085049015624999 0.20400326875000002 0.6054901953125 0.201699346875 0.2998774515625 0.1652614375 0.25794117656250004 0.1629248359375 0.413382353125 0.17357843125 0.41490196093750004 0.170065359375 0.7293382359375
1 0 0.072181371875 0.034575164062500004 0.1057843140625 0.028856209375000004 0.4073774515625 0.021977123437500003 0.7096323531250001 0.021977123437500003 0.7827941171874999 0.07763071875000001 0.763897059375 0.0785457515625 0.6989950984375 0.048774509375000004 0.70517156875 0.05769607812500001 0.29401960781250003 0.08540849687499999 0.30982843125000004 0.0881535953125 0.161102940625 0.0886111109375 0.1057843140625 0 0.0065931375 0 0.072181371875
1 0.034575164062500004 0.1057843140625 0.0175326796875 0.12031862812500001 0.008986928125 0.30622549062500004 0.0018627453125 0.717181371875 0.005196078125 0.717181371875 0.0033006531249999997 0.7820098046874999 0.021977123437500003 0.7827941171874999 0.021977123437500003 0.7096323531250001 0.028856209375000004 0.4073774515625 0.034575164062500004 0.1057843140625
1 0.6948529406249999 0.5721568625 0.69383986875 0.36784313750000003 0.674852940625 0.37546568593749996 0.67452614375 0.60164215625 0.6958660125 0.6067156859375 0.6948529406249999 0.5721568625
1 0.9786111109375 0 0.872091503125 0.1313235296875 0.8706372546875001 0.2198774515625 1 0.09078431406250001 1 0 0.9786111109375 0
1 1 0.09078431406250001 0.8567973859375 0.23438725468750002 0.8547712421875 0.073382353125 0.841356209375 0.095931371875 0.8457516343749999 0.3127205875 0.8475490203125 0.3720343140625 1 0.2575 1 0.09078431406250001
1 0.908513071875 0.65960784375 0.91305555625 0.697181371875 0.9201633984375001 0.7063235296875 0.9215196078125001 0.7358088234375 0.9279575156250001 0.736813725 0.99539215625 0.7597058828125001 0.98521241875 0.36732843125 0.9445588234375 0.3658088234375 0.9030882359374999 0.3693872546875 0.908513071875 0.65960784375
1 0.9279575156250001 0.736813725 0.9259313718750001 0.6839705875 0.9774346406250001 0.6931127453125 0.9716666671875 0.37801470625 0.9154248359375 0.40495097968750005 0.9255882359375001 0.681936275 0.9279575156250001 0.736813725
1 0.8525980390625 0.681446078125 0.8536274515625 0.6529901953125 0.8580228765625 0.6377450984374999 0.864803921875 0.6377450984374999 0.8739542484375 0.6372303921875 0.888186275 0.6377450984374999 0.9003758171875 0.645882353125 0.908513071875 0.65960784375 0.9030882359374999 0.3693872546875 0.894117646875 0.37325980468750003 0.8475490203125 0.3720343140625 0.8457516343749999 0.3127205875 0.8279411765625 0.31174019531249997 0.8339705875 0.7322794125 0.8485294124999999 0.7261764703125 0.8525980390625 0.681446078125
1 0.786699346875 0.311789215625 0.7961274515625 0.7379411765625 0.7953758171875001 0.7762990203125 0.8017810453124999 0.78142156875 0.7898366015625 0.15573529375 0.7863398687500001 0.16176470625 0.786699346875 0.311789215625
1 0.8017810453124999 0.78142156875 0.8348856203125001 0.78198529375 0.8259803921875 0.1570098046875 0.7898366015625 0.15573529375 0.8017810453124999 0.78142156875
1 0.371405228125 0.6083333328125 0.358169934375 0.609313725 0.3568464046875 0.726225490625 0.4966666671875 0.7237990203125 0.49725490156249996 0.6685049015625 0.503725490625 0.6661519609375001 0.5039215687499999 0.6117401953125 0.3943464046875 0.6093872546875 0.3945098046875 0.354803921875 0.3709150328125 0.355147059375 0.37094771249999997 0.3749509796875 0.371274509375 0.438897059375 0.371405228125 0.6083333328125
1 0.3330718953125 0.16176470625 0.3123202609375 0.16004902031249998 0.3111764703125 0.1549019609375 0.2997385625 0.15710784375 0.293905228125 0.7782598046875 0.32999999999999996 0.777524509375 0.3330718953125 0.16176470625
1 0.358169934375 0.609313725 0.33299019531249996 0.6107843140625 0.331960784375 0.731225490625 0.3568464046875 0.726225490625 0.358169934375 0.609313725
1 0.29452614375 0.6125490203124999 0.1928758171875 0.6085049015624999 0.1918627453125 0.7279901953125 0.293856209375 0.7279901953125 0.29452614375 0.6125490203124999
1 0.2969771234375 0.5699264703125 0.27176470625000004 0.5699264703125 0.274199346875 0.3875735296875 0.2973856203125 0.390024509375 0.2977941171875 0.3552696078125 0.2774509796875 0.3552696078125 0.268104575 0.3552696078125 0.266879084375 0.38026960781249997 0.2465522875 0.377818628125 0.241879084375 0.610318628125 0.29452614375 0.6125490203124999 0.2969771234375 0.5699264703125
1 0.29452614375 0.6125490203124999 0.1928758171875 0.6085049015624999 0.1918627453125 0.7279901953125 0.293856209375 0.7279901953125 0.29452614375 0.6125490203124999
1 0.2969771234375 0.5699264703125 0.27176470625000004 0.5699264703125 0.274199346875 0.3875735296875 0.2973856203125 0.390024509375 0.2977941171875 0.3552696078125 0.2774509796875 0.3552696078125 0.268104575 0.3552696078125 0.266879084375 0.38026960781249997 0.2465522875 0.377818628125 0.241879084375 0.610318628125 0.29452614375 0.6125490203124999 0.2969771234375 0.5699264703125
1 0.09076797343750001 0 0.07452614375 0.9418382359375 0.142434640625 0.9449019609375 0.1558496734375 0.000196078125 0.1458986921875 0 0.09076797343750001 0
1 0.169117646875 0.0025 0.1558496734375 0.000196078125 0.142434640625 0.9449019609375 0.1556535953125 0.9369362750000001 0.169117646875 0.0025
1 0.170065359375 0.7293382359375 0.1918627453125 0.7279901953125 0.1928758171875 0.6085049015624999 0.20400326875000002 0.6054901953125 0.201699346875 0.2998774515625 0.1652614375 0.25794117656250004 0.1629248359375 0.413382353125 0.17357843125 0.41490196093750004 0.170065359375 0.7293382359375
1 0.6544934640625 0.6070343140625 0.65418300625 0.6075735296875 0.586895425 0.6066666671875 0.58926470625 0.6717156859375 0.5923202609375 0.7266176468750001 0.71357843125 0.7316421562500001 0.7100653593749999 0.6077941171875 0.7206045750000001 0.6077941171875 0.7247058828124999 0.63323529375 0.7340849671874999 0.635024509375 0.7381535953125 0.6477205875000001 0.7492973859375 0.6490441171875 0.7539705875 0.6499264703125001 0.7571895421875 0.6161274515625 0.7712581703125 0.6161274515625 0.7721405234375001 0.59198529375 0.769803921875 0.5655882359375 0.7727124187500001 0.5669117640625 0.7747712421874999 0.5954901953125 0.7817973859375 0.5954901953125 0.783856209375 0.6279656859375 0.7885294125 0.62710784375 0.7929738562499999 0.736813725 0.7961274515625 0.7379411765625 0.786699346875 0.311789215625 0.7007843140625 0.3106127453125 0.6997549015625 0.6094607843750001 0.6958660125 0.6067156859375 0.67452614375 0.60164215625 0.6544934640625 0.6070343140625
1 0.674852940625 0.37546568593749996 0.6525326796875001 0.372818628125 0.6544934640625 0.6070343140625 0.67452614375 0.60164215625 0.674852940625 0.37546568593749996
1 0.5227614375 0.509681371875 0.5530065359375 0.5089460781249999 0.55202614375 0.6062990203124999 0.6544934640625 0.6070343140625 0.6525326796875001 0.372818628125 0.42419934687499994 0.3837990203125 0.42517973906249995 0.6040931375 0.52323529375 0.6084803921875 0.5227614375 0.509681371875
1 0.4007843140625 0.605563725 0.42517973906249995 0.6040931375 0.42419934687499994 0.3837990203125 0.399313725 0.3772303921875 0.4007843140625 0.605563725
1 0.4007843140625 0.605563725 0.42517973906249995 0.6040931375 0.42419934687499994 0.3837990203125 0.399313725 0.3772303921875 0.4007843140625 0.605563725
1 0.5227614375 0.509681371875 0.5530065359375 0.5089460781249999 0.55202614375 0.6062990203124999 0.6544934640625 0.6070343140625 0.6525326796875001 0.372818628125 0.42419934687499994 0.3837990203125 0.42517973906249995 0.6040931375 0.52323529375 0.6084803921875 0.5227614375 0.509681371875
1 0.674852940625 0.37546568593749996 0.6525326796875001 0.372818628125 0.6544934640625 0.6070343140625 0.67452614375 0.60164215625 0.674852940625 0.37546568593749996
1 0.6948529406249999 0.5721568625 0.69383986875 0.36784313750000003 0.674852940625 0.37546568593749996 0.67452614375 0.60164215625 0.6958660125 0.6067156859375 0.6948529406249999 0.5721568625
1 0.6544934640625 0.6070343140625 0.65418300625 0.6075735296875 0.586895425 0.6066666671875 0.58926470625 0.6717156859375 0.5923202609375 0.7266176468750001 0.71357843125 0.7316421562500001 0.7100653593749999 0.6077941171875 0.7206045750000001 0.6077941171875 0.7247058828124999 0.63323529375 0.7340849671874999 0.635024509375 0.7381535953125 0.6477205875000001 0.7492973859375 0.6490441171875 0.7539705875 0.6499264703125001 0.7571895421875 0.6161274515625 0.7712581703125 0.6161274515625 0.7721405234375001 0.59198529375 0.769803921875 0.5655882359375 0.7727124187500001 0.5669117640625 0.7747712421874999 0.5954901953125 0.7817973859375 0.5954901953125 0.783856209375 0.6279656859375 0.7885294125 0.62710784375 0.7929738562499999 0.736813725 0.7961274515625 0.7379411765625 0.786699346875 0.311789215625 0.7007843140625 0.3106127453125 0.6997549015625 0.6094607843750001 0.6958660125 0.6067156859375 0.67452614375 0.60164215625 0.6544934640625 0.6070343140625
1 0.8017810453124999 0.78142156875 0.8348856203125001 0.78198529375 0.8259803921875 0.1570098046875 0.7898366015625 0.15573529375 0.8017810453124999 0.78142156875
1 0.786699346875 0.311789215625 0.7961274515625 0.7379411765625 0.7953758171875001 0.7762990203125 0.8017810453124999 0.78142156875 0.7898366015625 0.15573529375 0.7863398687500001 0.16176470625 0.786699346875 0.311789215625
1 0.8525980390625 0.681446078125 0.8536274515625 0.6529901953125 0.8580228765625 0.6377450984374999 0.864803921875 0.6377450984374999 0.8739542484375 0.6372303921875 0.888186275 0.6377450984374999 0.9003758171875 0.645882353125 0.908513071875 0.65960784375 0.9030882359374999 0.3693872546875 0.894117646875 0.37325980468750003 0.8475490203125 0.3720343140625 0.8457516343749999 0.3127205875 0.8279411765625 0.31174019531249997 0.8339705875 0.7322794125 0.8485294124999999 0.7261764703125 0.8525980390625 0.681446078125
1 0.908513071875 0.65960784375 0.91305555625 0.697181371875 0.9201633984375001 0.7063235296875 0.9215196078125001 0.7358088234375 0.9279575156250001 0.736813725 0.99539215625 0.7597058828125001 0.98521241875 0.36732843125 0.9445588234375 0.3658088234375 0.9030882359374999 0.3693872546875 0.908513071875 0.65960784375
1 0.9279575156250001 0.736813725 0.9259313718750001 0.6839705875 0.9774346406250001 0.6931127453125 0.9716666671875 0.37801470625 0.9154248359375 0.40495097968750005 0.9255882359375001 0.681936275 0.9279575156250001 0.736813725
1 1 0.09078431406250001 0.8567973859375 0.23438725468750002 0.8547712421875 0.073382353125 0.841356209375 0.095931371875 0.8457516343749999 0.3127205875 0.8475490203125 0.3720343140625 1 0.2575 1 0.09078431406250001
1 0.9786111109375 0 0.872091503125 0.1313235296875 0.8706372546875001 0.2198774515625 1 0.09078431406250001 1 0 0.9786111109375 0
1 0.371405228125 0.6083333328125 0.358169934375 0.609313725 0.3568464046875 0.726225490625 0.4966666671875 0.7237990203125 0.49725490156249996 0.6685049015625 0.503725490625 0.6661519609375001 0.5039215687499999 0.6117401953125 0.3943464046875 0.6093872546875 0.3945098046875 0.354803921875 0.3709150328125 0.355147059375 0.37094771249999997 0.3749509796875 0.371274509375 0.438897059375 0.371405228125 0.6083333328125
1 0.3330718953125 0.16176470625 0.3123202609375 0.16004902031249998 0.3111764703125 0.1549019609375 0.2997385625 0.15710784375 0.293905228125 0.7782598046875 0.32999999999999996 0.777524509375 0.3330718953125 0.16176470625
1 0.358169934375 0.609313725 0.33299019531249996 0.6107843140625 0.331960784375 0.731225490625 0.3568464046875 0.726225490625 0.358169934375 0.609313725