1 1 0.5301612296875 0.8481675 0.521724784375 0.8481675 0.5361004875 0.854875 0.5375403078125001 0.854875 0.7071616046875 0.8539175 0.7100374953124999 0.67373 0.662598425 0.67373 0.6927859015625 0.68715 0.6970978624999999 0.695775 0.6913498312499999 0.6938575 0.6855980500000001 0.702485 0.6870378703125 0.7043999999999999 0.6855980500000001 0.800245 0.7129096359375 0.800245 0.8120959875 1 0.895474315625 1 0.5301612296875
1 0.34718499999999997 0.58005249375 0.34643999999999997 0.5664004499999999 0.3776475 0.5619422578125 0.37727499999999997 0.5374278218749999 0.3787625 0.5365916765625001 0.38192 0.534919384375 0.390835 0.534919384375 0.40291 0.5326884140625 0.41517 0.531574803125 0.43653000000000003 0.5293475812499999 0.4565925 0.5271166109375 0.45993500000000004 0.52795275625 0.46012000000000003 0.5265616796875 0.47497999999999996 0.5246119234375 0.49894249999999996 0.5232170984375 0.5087875000000001 0.5232170984375 0.5086025000000001 0.52154480625 0.5087875000000001 0.5207124109375 0.5087875000000001 0.518203975 0.50823 0.5159730031249999 0.508045 0.51374578125 0.5084175 0.512073490625 0.51176 0.514023246875 0.515475 0.5151406078125 0.5195624999999999 0.5156955375 0.52142 0.5156955375 0.5234625 0.5159730031249999 0.526435 0.5173678296875 0.5259324999999999 0.456280465625 0.34513 0.4482677171875 0.3407 0.4482677171875 0.3409875 0.5710536187499999 0.3406825 0.5789351328125 0.34718499999999997 0.58005249375
1 0.530625 0.51565429375 0.53255 0.51565429375 0.5341549999999999 0.5161379828125 0.5347975 0.5175815515625 0.5347975 0.5214323203125 0.5351174999999999 0.5214323203125 0.5370425 0.5214323203125 0.5389700000000001 0.52095238125 0.540575 0.52095238125 0.5415375 0.5204686921875 0.5418575 0.5199887515625 0.543785 0.51854518125 0.5457099999999999 0.5171016125000001 0.547315 0.5142107234375 0.54924 0.5137307843750001 0.55245 0.5219160109375001 0.59129 0.526726659375 0.5954625 0.5272103484375 0.59803 0.5272103484375 0.6477825 0.5310611171875 0.7482475 0.540206225 0.7553099999999999 0.540206225 0.8246399999999999 0.545020621875 0.825605 0.5445406828125 0.825925 0.543577053125 0.825925 0.5416535437500001 0.8281725 0.5382827140625001 0.8467874999999999 0.5426134234375 0.8477525 0.5406899140625 0.849035 0.53924634375 0.8509625 0.53924634375 0.8516025 0.539726284375 0.8535299999999999 0.541169853125 0.8548125000000001 0.5416535437500001 0.854875 0.5375403078125001 0.8481675 0.5361004875 0.8481675 0.521724784375 0.8968624999999999 0.5060292468750001 0.9116275 0.5016947875 0.9116275 0.49784401875000006 0.9135525 0.49832395937499996 0.914375 0.44008248906249997 0.5259324999999999 0.456280465625 0.526435 0.5173678296875 0.5290199999999999 0.5166179234375 0.530625 0.51565429375
0 0.4036725 1 0.40230750000000004 0.9994863140625 0.3811225 0.9846606671875 0.367 0.9740682421875 0.36135 0.9592425953125 0.36135 0.9783052124999999 0.3528775 0.9825421828125 0.34722749999999997 0.8088488937499999 0.259665 0.71565054375 0.259665 0.730476190625 0.254015 0.730476190625 0.254015 0.7092950874999999 0.2427175 0.7092950874999999 0.23283 0.707176603125 0.22859250000000003 0.7050581171875 0.22859250000000003 0.7092950874999999 0.22576999999999997 0.7092950874999999 0.22576999999999997 0.7029396328125 0.22012 0.6987026625 0.22012 0.694469440625 0.21729500000000002 0.654221971875 0.21663749999999998 0.6383652046875 0 0.6818035250000001 0 1 0.4036725 1
1 1 0.43025121874999994 0.933775 0.43382077187499996 0.91325 0.4344956875 0.9135525 0.49832395937499996 0.9116275 0.49784401875000006 0.9116275 0.5016947875 0.8968624999999999 0.5060292468750001 0.8481675 0.521724784375 1 0.5301612296875 1 0.43025121874999994
1 0 0.0954668171875 0.310555 0.214971878125 0.31077750000000004 0.180476190625 0 0.0443982 0 0.0954668171875
1 0 0.6818035250000001 0.21663749999999998 0.6383652046875 0.2152675 0.573022121875 0.2248475 0.5682339703125 0.2531325 0.5613910765625 0.287345 0.5572853390625 0.29434 0.6084589421875 0.300765 0.60874390625 0.3074 0.6095988 0.3066775 0.5823172109375 0.334885 0.5786951625000001 0.3346175 0.571424821875 0.3409875 0.5710536187499999 0.3407 0.4482677171875 0.34513 0.4482677171875 0.5259324999999999 0.456280465625 0.5263246875 0.365389253125 0.5225019640624999 0.37697335 0.5263107203125 0.365360371875 0.33627250000000003 0.319925009375 0.3362925 0.23209223906249998 0.3285925 0.239928759375 0 0.120626171875 0 0.4369591296875 0.014942500000000001 0.434128234375 0.01249 0.25889013906249997 0.23704999999999998 0.3076940375 0.23389500000000002 0.44308211406250003 0.0150375 0.4341582296875 0 0.43704911874999997 0 0.6818035250000001
1 0.4827025 0 0.31077750000000004 0.180476190625 0.310555 0.214971878125 0.5465 0 0.4827025 0
1 0.627955 0 0.3362925 0.23209223906249998 0.33627250000000003 0.319925009375 0.97718 0 0.627955 0
1 0.914375 0.4384326953125 0.9131750000000001 0.43809523749999996 0.91325 0.4344956875 0.933775 0.43382077187499996 0.9337249999999999 0.377877765625 0.9294499999999999 0.3707161609375 0.9229749999999999 0.3568428953125 0.9175000000000001 0.33817022812499997 0.914175 0.3182977125 0.9138249999999999 0.296925384375 0.91605 0.278477690625 0.6359 0.34139482499999996 0.6361863171875 0.350474015625 0.635875 0.3415823015625 0.526325 0.3653168359375 0.5259324999999999 0.456280465625 0.914375 0.44008248906249997 0.914375 0.4384326953125
1 1 0.3344656921875 0.9998425 0.3344994375 0.9964999999999999 0.344195725 0.99115 0.3575665546875 0.9824550000000001 0.3726096734375 0.9793350000000001 0.3762879640625 0.9771075 0.37728908906249997 0.9713100000000001 0.37929508749999996 0.9603875000000001 0.3809673796875 0.9494675000000001 0.381972253125 0.9416650000000001 0.38130108749999997 0.9336499999999999 0.37780277500000004 0.933775 0.43382077187499996 1 0.43025121874999994 1 0.3344656921875
0 1 0.9275853015625 0.8035574999999999 0.8529771281249999 0.7784475 0.893798275 0.6756624999999999 0.8378065234375001 0.6753025 0.7917472812499999 0.55367 0.9099625046875 0.552825 0.9235845515625 0.546925 0.940671165625 0.5346425 0.960626171875 0.521035 0.97444694375 0.5024275 0.98934758125 0.49110750000000003 0.9928683921875001 0.49313250000000003 1 1 1 1 0.9275853015625