0 0.6234092875 1 0.624184028125 0.9451273140625001 0.451195746875 0.9242669749999999 0.451953125 0.9861766968750001 0.45006076406249995 0.9952623453125 0.44532986093750004 0.994587190625 0.443246528125 0.92695601875 0.4413541671875 0.9192206796875 0.43870442656249997 0.8724498453124999 0.42602430625 0.9246026234375 0.4254557296875 0.9279668203125 0.42299696249999996 0.9313310187500001 0.42507812500000003 0.9992978390625 0.43594835 1 0.6234092875 1
0 1 0.8003626546874999 0.8997287328124999 0.71236496875 0.888862846875 0.71236496875 0.8737131078125 0.6995601859375 0.8748068578125 0.692858796875 0.8617491312500001 0.6837345671875 0.8614583328125001 0.6873649687500001 0.8560959203125 0.685401234375 0.855308159375 0.67642746875 0.842847221875 0.6640895062500001 0.8044596359374999 0.6602199078125001 0.802612846875 0.6845293203125 0.7964301218750001 0.6839158953125 0.7998068578125 0.6217515437500001 0.7617317703125 0.6210493828125 0.7605490453125 0.6402006171875 0.75707899375 0.641323303125 0.7752018234375 0.6615663578125 0.7730251734375 0.7192168203125 0.770848525 0.7206751546875 0.7675368921875 0.772519290625 0.7612738718750001 0.7735570984375 0.7640039062499999 0.7247106484375 0.65817274375 0.7206751546875 0.6561219625 0.7570138890625 0.656801215625 0.764274690625 0.659262153125 0.784266975 0.6604752609375 0.788865740625 0.6606814234375 0.79430555625 0.659750434375 0.7989043203125 0.66145399375 0.8050154328125 0.6615017359375 0.8084915125000001 0.66145399375 0.81149305625 0.663031684375 0.8181674375 0.66345703125 0.829436728125 0.65342665 0.8309799375000001 0.6438671874999999 0.8316820984375 0.63366319375 0.83050154375 0.637953559375 0.8584567906249999 0.63498915 0.9408950624999999 0.631675346875 0.9425771609375 0.6308962671875 1 1 1 1 0.8003626546874999
1 0.6689214406249999 0.3220408953125 0.6722048609375 0.3197993828125 0.672879775 0.32059799375 0.672879775 0.3217206796875 0.672836371875 0.32491898125 0.673374565625 0.324598765625 0.6736458328125 0.3238811734375 0.6737803812500001 0.322920525 0.673960503125 0.32131944375 0.674320746875 0.3194791671875 0.6748611109375 0.318198303125 0.67526475625 0.31780092656250003 0.6756249999999999 0.31780092656250003 0.6767947046875 0.31851851875000003 0.6770659718750001 0.3193209875 0.6773350687499999 0.3200385796875 0.6777408859375 0.3220408953125 0.6782356765625 0.3197993828125 0.6786848953125 0.3183603390625 0.679136284375 0.317079475 0.6792252609375 0.31652006250000003 0.680394965625 0.315320215625 0.6809353296875 0.3161188265625 0.6813454859375 0.317399690625 0.6814756937500001 0.315 0.6825998265625 0.3151581796875 0.6825998265625 0.318198303125 0.6829144968749999 0.31780092656250003 0.6831857640625 0.31652006250000003 0.6834548609375 0.3139583328125 0.6844010421875 0.3138811734375 0.6844010421875 0.31643904375 0.6832747390625 0.3202816359375 0.6831857640625 0.32283950625 0.6833203125 0.3258796296875 0.6887673609375 0.3255401234375 0.6894856765624999 0.29866898124999997 0.666714409375 0.29964120312500003 0.6664453124999999 0.3260416671875 0.6689214406249999 0.3258796296875 0.6689214406249999 0.3220408953125
0 0.71147569375 0.5974228390625 0.7136935765625 0.6026041671875 0.7173697921875 0.6020408953125 0.721108940625 0.6036188265625 0.7278276906250001 0.6107175921875 0.7559700515625 0.64024305625 0.7571744796875 0.618607253125 0.7071657984375 0.5698148140625 0.70602430625 0.59268904375 0.708179253125 0.5935918203125 0.71147569375 0.5974228390625
0 0.5686914062499999 0.5705864203125001 0.5689865453125 0.5910030859375001 0.59041015625 0.590347221875 0.5906076390624999 0.5721296296875 0.590483940625 0.5703279328125 0.5897851562499999 0.5689776234374999 0.589468315625 0.5608603390625 0.5701888015625001 0.5598688265625 0.569594184375 0.5640933640625 0.5694661453125 0.56736496875 0.5686914062499999 0.5705864203125001
0 0.56702256875 0.5730825625 0.5627126734375001 0.57274305625 0.5625846359375 0.5905478390625001 0.5667057296875 0.5907754625 0.56702256875 0.5730825625
1 0.6719162328125 0.500551696875 0.6717599828124999 0.506358025 0.675726996875 0.5069097218749999 0.67883680625 0.508294753125 0.682124565625 0.510918209375 0.6860720484375 0.40680555625 0.677593315625 0.38346450625 0.677585434375 0.38330335 0.6777473953125 0.3833256171875 0.6861458328125 0.406963734375 0.6885611984375 0.3341049375 0.6611848953125 0.334803240625 0.656597221875 0.487696759375 0.6559743921875001 0.49972222187500004 0.6625846359375 0.499170525 0.671371528125 0.49834104999999995 0.6719162328125 0.500551696875
0 0.4178689234375 1 0.41673828124999995 0.930625 0.25973524375 0.9084259265625001 0.2634743921875 0.9706288578125 0.25884765625 0.9758101859374999 0.2543467875 0.9734452156250001 0.24959418437499997 0.9018904328125 0.2485807296875 0.9003125000000001 0.2452842875 0.8996373453125001 0.240023871875 0.8171527781249999 0.24300130156250002 0.8088155859375 0.29111111093750003 0.745374228125 0.2101063375 0.74210648125 0.2135915796875 0.7875192906249999 0.212133246875 0.7897723765625 0.2068098953125 0.7908989203125001 0.20275390624999998 0.7357986109375 0.2004709203125 0.7342206796874999 0.198125 0.6904976859375 0 0.8618904328125 0 1 0.4178689234375 1
0 0.6529361984375 0.716045525 0.630855034375 0.6596875 0.62957899375 0.683607253125 0.6522591140625 0.7511226859375 0.6529361984375 0.716045525
0 0.608266059375 0.62596450625 0.6092556421875 0.6267554015625 0.6113346359375 0.62927855 0.612651909375 0.631419753125 0.61396484375 0.6341473765625001 0.6161523437499999 0.6407716046874999 0.6172482640625 0.644274690625 0.6182356765625 0.6454359562499999 0.619769965625 0.64893904375 0.6229470484374999 0.660625 0.6230533859375 0.6438811734375001 0.6067708328125 0.60978395 0.6067317703125 0.6195408953125 0.6076128468750001 0.6234413578125 0.608266059375 0.62596450625
0 0.5937760421875 0.5946643515625001 0.5945377609375 0.5957445984375 0.5944596359375 0.59642746875 0.594613715625 0.5991280859375 0.5966688375 0.6008873453125 0.59871961875 0.604266975 0.600316840625 0.6075154328125 0.6019900171875 0.609409721875 0.6022200515625 0.6098070984375 0.60267578125 0.6127893515625 0.6035134546875 0.614135803125 0.603817275 0.6018325625000001 0.5926888015625 0.577669753125 0.591948784375 0.5916936734375 0.593168403125 0.5935879625 0.5937760421875 0.5946643515625001
1 0.6556510421875 0.08229552500000001 0.4165885421875 0.0941820984375 0.4129665796875 0.1729436734375 0.9326063375 0.15164351874999998 0.888862846875 0.71236496875 0.8997287328124999 0.71236496875 0.9253624125 0.3998070984375 0.9448676218750001 0.07684799375 0.9025151906250001 0.07288194375 0.84038194375 0.07288194375 0.6556510421875 0.08229552500000001
1 0.36287543437499997 0.1129861109375 0.35567274375 0.10065972187500001 0.23246961875 0.1076813265625 0.2369314234375 0.169097221875 0.40228515624999994 0.1637731484375 0.3927734375 0.14456404375 0.38162109375000003 0.145115740625 0.36287543437499997 0.1129861109375
0 0.43102430625 0.609911265625 0.42854600625000006 0.6108526234375 0.42812065937500005 0.5851195984374999 0.4088802078125 0.61512345625 0.40998480937500004 0.64456404375 0.4046223953125 0.6535378093750001 0.40335937499999996 0.622411265625 0.3607747390625 0.6827006171875001 0.39847005156250004 0.6860648140625 0.4273936625 0.6233256171875 0.43814453125 0.5940200625000001 0.43995008750000003 0.5899498453125 0.441401909375 0.5885416671875 0.44285373281249996 0.5879938265625 0.4449240453125 0.5880748453125 0.44681640624999996 0.5880748453125 0.4466731765625 0.569475309375 0.445536025 0.56862654375 0.4452061625 0.55721450625 0.4311935765625 0.5566280859375 0.431351996875 0.577465278125 0.43040147500000003 0.5787808640625001 0.43102430625 0.609911265625
1 0.758706596875 0.2995061734375 0.7602907984375 0.29861496875000004 0.7611979171875001 0.2683719140625 0.77734375 0.2584490734375 0.7758268234375 0.3090393515625 0.7610394968749999 0.315223765625 0.759624565625 0.3151466046875 0.7602907984375 0.29862654375000003 0.7587000875000001 0.2995408953125 0.7519053812500001 0.3026620375 0.7444509546875 0.303607253125 0.7373329 0.4656365734375 0.7503081593750001 0.4661304015625 0.8166341140625001 0.487608025 0.8222612843749999 0.4562384265625 0.8269769968749999 0.425 0.830640190625 0.3895061734375 0.866161025 0.386554784375 0.85208984375 0.49705246875000003 0.8789279515624999 0.5078009265625 0.879307725 0.5121373453125 0.8740646703125 0.512071759375 0.8617491312500001 0.6837345671875 0.8748068578125 0.692858796875 0.915190971875 0.1651620375 0.76828993125 0.25866898125 0.7554861109375001 0.2656558640625 0.75340711875 0.2662191359375 0.76017578125 0.2659143515625 0.758706596875 0.2995061734375
0 0.44854600624999996 0.572426696875 0.44891709999999996 0.5913001546875 0.461328125 0.5722376546875 0.44854600624999996 0.572426696875
1 1 0.031523920312499995 0.9448676218750001 0.07684799375 0.9253624125 0.3998070984375 0.919463975 0.470972221875 0.9364149312500001 0.4755131171875 0.9329318578124999 0.505644290625 0.917144096875 0.500277778125 0.8997287328124999 0.71236496875 1 0.8003626546874999 1 0.56509645 0.9689214406250001 0.55517746875 0.9686892359374999 0.5452700625 0.9740299484375001 0.4911959875 0.97890625 0.43423225312499997 0.9842469625 0.36199459843750004 0.986801215625 0.334340278125 1 0.332615740625 1 0.031523920312499995
1 0.2005490453125 0.47262731406249997 0.2077560765625 0.5776851859375001 0.2234787328125 0.5659606484374999 0.1980989578125 0.10639660468750001 0.18046875 0.1060956796875 0.18145833281249998 0.122766203125 0.18300564218749998 0.1471875 0.2005490453125 0.47262731406249997
1 0.7346896703125 0.3072530859375 0.7167556421875 0.30884645 0.6949392359375001 0.30884645 0.6959657124999999 0.2981905859375 0.6894856765624999 0.29866898124999997 0.6887673609375 0.3255401234375 0.7337434890625001 0.3247723765625 0.7346896703125 0.3072530859375
1 0.682124565625 0.510918209375 0.694097221875 0.5182793203125 0.6972829859375 0.518144290625 0.698843315625 0.473545525 0.699340278125 0.469463734375 0.6970442703125 0.4685030859375 0.6961002609375 0.46721836406249995 0.6962782125 0.4657754625 0.72697265625 0.466257715625 0.7311566843749999 0.37856095624999997 0.7301844625 0.37785622343749997 0.7311566843749999 0.37836805625 0.7334787328125 0.33423996875 0.6885611984375 0.3341049375 0.6860720484375 0.40680555625 0.682124565625 0.510918209375
0 0.553305121875 0.5896913578125 0.5545095484375 0.58872299375 0.5558289937499999 0.58774305625 0.5565950515625 0.58774305625 0.5593337671875 0.5900848765625 0.5614127609375 0.5900848765625 0.5611914062500001 0.5725655859375001 0.46946180625 0.5727006171875 0.553090278125 0.5793711421875 0.5519943578125 0.589884259375 0.553305121875 0.5896913578125