1 0.36641995625 0.6190871703124999 0.3660489765625 0.61964638125 0.36578581875 0.6201069078125 0.3657200296875 0.6211595390625 0.3658717109375 0.6219490125 0.3662902046875 0.62277138125 0.36650950312499997 0.6237253296875 0.36640168125 0.6281661187500001 0.3754130109375 0.626422696875 0.375893640625 0.6181990125 0.3667708328125 0.61839638125 0.36641995625 0.6190871703124999
1 0.405990496875 0.620016446875 0.405723684375 0.616206140625 0.38001827499999996 0.618226425 0.379652778125 0.6255866234374999 0.3796144 0.6257565796875 0.405990496875 0.620016446875
1 0.41543859687499995 0.6179276312499999 0.4155116953125 0.6172971484375 0.41549342031250003 0.61633771875 0.415420321875 0.61631030625 0.415054825 0.6157620609375 0.409974415625 0.6158442984375 0.4101206140625 0.619188596875 0.41507310000000003 0.6182565796875 0.41543859687499995 0.6179276312499999
1 0.2840423984375 0.6382730265625 0.2843073828125 0.6374780703125 0.2843073828125 0.6368530703124999 0.2831706875 0.6361705046874999 0.2511494890625 0.6461732453125 0.251187865625 0.6461732453125 0.251551534375 0.6529605265625 0.2835508046875 0.6461156796874999 0.28347405000000003 0.6404331140624999 0.2838541671875 0.6390679828125 0.2840423984375 0.6382730265625
1 0.22707967812500002 0.653623903125 0.2265350875 0.6545257671875 0.2262079671875 0.655016446875 0.22604349375 0.6553426531250001 0.22648026250000003 0.658453946875 0.24765168124999998 0.6539528515625 0.24737938593750003 0.6473218203125 0.22882675468749997 0.6532154609374999 0.22707967812500002 0.653623903125
1 0.221224415625 0.657867325 0.220846125 0.6569572375 0.2205427625 0.65650219375 0.2197094296875 0.6555921046875001 0.2192927625 0.6549095390625 0.217814328125 0.6543421046875 0.21701754375 0.6528070171875 0.21682931249999998 0.6526370609375001 0.2141374265625 0.6520696265625 0.2138724421875 0.661049890625 0.22008771875000002 0.660139803125 0.2202394 0.6593448468750001 0.2211494890625 0.6585471484375 0.221224415625 0.657867325
1 0 0 0 0.0365131578125 0.0007894734375 0.03654879375 0.00103435625 0.049577851562500004 0.0026955406250000003 0.050995065625 0.0024835531250000003 0.0562006578125 0.005857090625 0.06453399062500001 0.005953946874999999 0.058766446875 0.0086111109375 0.060331689062500006 0.008283990625 0.0696683109375 0.008821271875 0.07081688593749999 0.0103709796875 0.076096490625 0.0097350140625 0.077001096875 0.00856176875 0.07514254375 0.0087408625 0.08741228125 0.005824195312500001 0.0850904609375 0.0060197375 0.0805921046875 0.0026461984375 0.0742132671875 0.0029075296875 0.09014802656250001 0.006573465624999999 0.09882675468749999 0.0055793125 0.09992598750000001 0.0020924703124999998 0.09398574531250001 0.0021747078125 0.11942982499999999 0.0047331875 0.12226425468749999 0.0050091375 0.1058634875 0.0081213453125 0.10728344375000001 0.006818348437500001 0.1284731359375 0.008724415624999999 0.130770284375 0.0096198828125 0.123610196875 0.011966375 0.12507675468749999 0.0113322375 0.1611266453125 0.014786184375 0.17090186406250002 0.0131396203125 0.17136787343749998 0.0129605265625 0.1924095390625 0.015568348437499999 0.198155153125 0.0149323828125 0.1985444078125 0.012732090625000001 0.19605263125 0.012277046875 0.225992325 0.0130592109375 0.22616502187499998 0.0133187140625 0.219221490625 0.0156487578125 0.22049342031250002 0.015323465625 0.24512883749999997 0.012814328125 0.24322368437500003 0.012618785937499998 0.25392817968750003 0.0124725875 0.26920504375 0.009767909375 0.26817708281249997 0.0098976609375 0.25126370625 0.007991593750000001 0.2496518640625 0.007176534375 0.27428728125 0.0109886703125 0.27836896875 0.010305190625 0.28081414531250004 0.007046784374999999 0.27876096562499997 0.0069152046875 0.2962856359375 0.0043256578125 0.29547971562500003 0.0054166671875 0.274703946875 0 0.2684895828125 0 0.7007620609375 0.0196418125 0.6725054828125 0.020195540625 0.3489555921875 0.026516812499999997 0.34961622812500004 0.044179459375 0.36762883749999997 0.0438706140625 0.1527905703125 0.0490679828125 0.1542105265625 0.074064328125 0.22401315781250003 0.0741118421875 0.254344846875 0.073591009375 0.2542461625 0.073508771875 0.332727521875 0.07370431250000001 0.3986430921875 0.07489400625 0.39999725937499997 0.0758004390625 0.14938870625 0.033580043749999997 0 0 0
1 1 0.4538432015625 0.9897697375 0.45453673281249996 0.9892982453125001 0.5542516453124999 1 0.554377740625 1 0.4538432015625
1 0.7485197375 0.25961896875 0.7486458328125 0.2092708328125 0.7072112578125 0.22982456093749998 0.7485197375 0.25961896875
1 0.732874634375 0.5786321265625001 0.7325475140625 0.5809895828125 0.7325475140625 0.5834429828125 0.733660453125 0.5864884875 0.7352320906250001 0.5913020828125 0.7371308484375 0.5985690796875 0.7379166671874999 0.6045614031250001 0.7360836984375 0.6112417765625 0.7345120609375 0.6157593203125 0.7324159359375 0.618706140625 0.7300584796875 0.6205729171875001 0.726588084375 0.6228316890625 0.7297971484375 0.6225356359374999 0.7402083328125 0.623223684375 0.7498336984375 0.6238130484375 0.75900219375 0.6244024125000001 0.776551534375 0.6263678734375 0.7503581875 0.49376644687500004 0.7506195171875001 0.5292242328125 0.75009685625 0.5433689687500001 0.7328088453125 0.5603618421875 0.7337920328124999 0.5698903515625 0.7334649125 0.5753892546875 0.732874634375 0.5786321265625001
1 0.6493987578125 0.521721490625 0.6502631578125 0.5213678734375 0.6517562140625001 0.5213678734375 0.6530135234375 0.5213678734375 0.661105628125 0.518538925 0.6740716375 0.51417763125 0.6833442984375 0.511820175 0.6833442984375 0.50616228125 0.6410690796875 0.5048656796875 0.640204678125 0.3650740125 0.6392616953125 0.3650740125 0.6392616953125 0.3498684203125 0.695367325 0.333604715625 0.6955244890625 0.3501041671875 0.6946600875 0.3512828953125 0.6952101609375 0.3818119515625 0.7062097953124999 0.37886513125 0.722947734375 0.3762719296875 0.7490314328125 0.3735882671875 0.7488249265625 0.263695175 0.7489144734375001 0.2634046046875 0.748563596875 0.26170504375000003 0.636982821875 0.30531524062500004 0.63737573125 0.5253755484375 0.6435051171875 0.5238432015625001 0.6493987578125 0.521721490625
1 0.612892909375 0.529344846875 0.615774853125 0.5284649124999999 0.6200950296875 0.5280701750000001 0.6228472218750001 0.5280701750000001 0.625466009375 0.5280701750000001 0.63737573125 0.5253755484375 0.636982821875 0.30531524062500004 0.5970942984375001 0.289092653125 0.59743969375 0.3187308109375 0.5984173984375001 0.42923245625 0.6042085171875 0.429940896875 0.5984228796875 0.42931469375000003 0.5987810671875 0.46333881562499996 0.59883270625 0.4633355609375 0.59914108125 0.5332730265625 0.6033333328125 0.5320942984375 0.6063450296874999 0.5312143640625 0.6102101609374999 0.5304303734375 0.612892909375 0.529344846875
1 0.6089490875 0.43045398749999997 0.609009503125 0.4304605265625 0.611081871875 0.430296053125 0.631036184375 0.43248629375 0.6309777046875 0.39569353125 0.6112737578125 0.3916008765625 0.6088870609375 0.3923382671875 0.6089490875 0.43045398749999997
1 0.5896144 0.357354715625 0.5896783625 0.373648575 0.588320540625 0.374643640625 0.5904989031250001 0.531858553125 0.592741228125 0.5325219296875 0.5951096484375 0.5333744515625 0.5972880109375 0.533752740625 0.59914108125 0.5332730265625 0.5987810671875 0.46333881562499996 0.5984173984375001 0.42923245625 0.59743969375 0.3187308109375 0.5970942984375001 0.289092653125 0.5499506578125 0.31055372812500004 0.55007858125 0.33447368437499997 0.5500456875 0.3689117328125 0.5896144 0.357354715625
1 0.5511513156250001 0.38397478125 0.5500456875 0.384163925 0.5507090640625 0.516559759375 0.5524780703125 0.5168421046875 0.5511513156250001 0.38397478125
1 1 0.663793859375 0.917116228125 0.6464254390625 0.9206505843749999 0.64949013125 0.9240296046875001 0.6512582234375001 0.9259155703124999 0.6512582234375001 0.9272514624999999 0.6518475875 0.9284301906250001 0.6531441890624999 0.92976608125 0.6558552625 0.9314948828125 0.657387609375 0.9355025578125 0.66092379375 0.93990314375 0.665635965625 0.9417891078125 0.6707044953125 0.9438322375 0.6762445171875 0.951376096875 0.6821381578125 0.9586823828125001 0.6880317984375 0.970783990625 0.69734375 0.9815497078125001 0.707952303125 0.9890935671875001 0.7176178734375 1 0.720627740625 1 0.663793859375
1 0.090687134375 0.6277768640625 0.0801553359375 0.6484018640625 0.08165021875 0.6517105265625001 0.083455775 0.6517105265625001 0.085972221875 0.6518229171875001 0.089901315625 0.649942434375 0.096421784375 0.6482867328124999 0.0983095765625 0.6474616234374999 0.0994883046875 0.6474616234374999 0.10019188593749999 0.6504084437500001 0.13571089218750002 0.644276315625 0.13639254375 0.4914830046875 0.135955775 0.4914007671875 0.1356834796875 0.49107456093749996 0.1357383046875 0.49025493437499995 0.13639254375 0.489273575 0.13639254375 0.48886239062500003 0.135301534375 0.48730811406249996 0.134537646875 0.48591831093750004 0.1341557015625 0.4852631578125 0.1341557015625 0.4845257671875 0.13432017499999999 0.483706140625 0.1348099421875 0.48297149062500006 0.135847953125 0.4804331140625 0.135411184375 0.4793695171875 0.1346472953125 0.4783059203125 0.13650219375 0.4777330046875 0.136633771875 0.4660444078125 0.1334685671875 0.465879934375 0.1194334796875 0.465241228125 0.109239765625 0.4643229171875 0.10295869843750001 0.46313048281249997 0.119864765625 0.41788103125 0.1257803359375 0.41652138125000004 0.1376315796875 0.41675986875 0.13842836249999999 0.415907346875 0.138695175 0.41556469375000005 0.1391483921875 0.415172696875 0.140098684375 0.415172696875 0.14100328906249998 0.41556469375000005 0.1416483921875 0.41635964843749995 0.14189327499999999 0.417571271875 0.151873171875 0.41875 0.1580025578125 0.41969846562499996 0.156964546875 0.238508771875 0.1556560671875 0.23742050468749998 0.15543676875 0.21155427656249998 0.15641995625 0.21032620624999998 0.302984284375 0.2545367328125 0.3029952484375 0.27772478125 0.3011732453125 0.2776096484375 0.30224780625 0.5578481359375 0.3177192984375 0.5566858546875 0.3173355265625 0.5557867328125 0.3168457609375 0.5413815796875 0.32164656406250003 0.540071271875 0.3251388890625 0.540071271875 0.3289053359375 0.5409703953125 0.3284137421875 0.5550493421875 0.33016081875 0.5548053734375 0.329358553125 0.2852796046875 0.3280482453125 0.2846244515625 0.32793311406250003 0.2628125 0.42721491250000004 0.29261513125 0.42703581875 0.31136513125 0.42626096562500004 0.3123245609375 0.42724780625000003 0.5676644734375 0.4214144734375 0.5686869515625 0.4210215640625 0.5895833328125 0.420760234375 0.5941995609374999 0.420760234375 0.5991118421875 0.4206286546875 0.6154166671875 0.41951571562499995 0.615907346875 0.41958150625 0.616790021875 0.43277595 0.61376370625 0.432552996875 0.5808744515625001 0.4308552625 0.5744078953125 0.430723684375 0.5743092109375 0.429937865625 0.5722478062499999 0.42941520468750005 0.5696929828124999 0.428890715625 0.568023575 0.42836622812499997 0.5660581140625001 0.4290862578125 0.5637006578125 0.4300091375 0.556875 0.430953946875 0.555466009375 0.43180372812499995 0.55376370625 0.4322733921875 0.5526343203125 0.43340277812499994 0.551219846875 0.4351991953125 0.5499506578125 0.43830957656249997 0.5488130484375 0.4415131578125 0.5488130484375 0.4486823828125 0.5486732453125 0.4544334796875 0.5476836625 0.45447185625 0.4996107453125 0.45976608125 0.49920230312499997 0.45982090624999994 0.4972368421875 0.4424671046875 0.4956003296875 0.44589912343749993 0.45417489062499994 0.4365844296875 0.454290021875 0.43667763125 0.4134128296875 0.45884868437500004 0.41589912343749996 0.45807382968750004 0.45492872812499996 0.45911001406249996 0.4555016453125 0.45960160781250003 0.45492872812499996 0.45982090624999994 0.4541913375 0.460310671875 0.453127740625 0.461293859375 0.452554825 0.46222039531250003 0.4532894734375 0.4626571640625 0.45541940781249995 0.46627010156250004 0.45673519687499997 0.46614400624999996 0.32293311406249997 0.46489948906249995 0.3225383765625 0.46522843593749996 0.304860196875 0.5345687140625001 0.3261156796875 0.534239765625 0.3417982453125 0.5337883765625 0.34197094375 0.53433845 0.4920559203125 0.534546784375 0.50953125 0.53558845 0.510054825 0.537989765625 0.5111430921875 0.5399488296875 0.51180646875 0.542501828125 0.5126589906250001 0.5452850875 0.5137966015625001 0.55058845 0.5164967109374999 0.5507090640625 0.516559759375 0.550071271875 0.38455866250000004 0.5500456875 0.3689117328125 0.55007858125 0.33447368437499997 0.5499506578125 0.31055372812500004 0.5293183484374999 0.304262609375 0.3587043125 0.2476754390625 0.2127119890625 0.1965104171875 0.0758004390625 0.14938870625 0.07489400625 0.39999725937499997 0.09053910781249999 0.4144270828125 0.090687134375 0.6277768640625
1 0.1669426171875 0.637985196875 0.168545321875 0.6484512062500001 0.1708077484375 0.648876096875 0.176937134375 0.65170504375 0.181652046875 0.654391446875 0.1836312140625 0.6566557015625001 0.1861769 0.6608991234375 0.18806286562500002 0.6671217109375001 0.20701754375 0.66259594375 0.2081487578125 0.6504331140625 0.20170504375 0.6495833328125 0.194373171875 0.6007044953125 0.15825840625 0.6049835531250001 0.15772478125 0.46648848750000005 0.14059393281250002 0.4660169953125 0.1403508765625 0.642510965625 0.1610014625 0.6396820171875001 0.1669426171875 0.637985196875
1 0.2753801171875 0.6054057015625001 0.277125365625 0.6061376093749999 0.2778782890625 0.6066557015625 0.279473684375 0.6091557015625 0.2793877921875 0.6109237937499999 0.2904349421875 0.6163815796875001 0.291394371875 0.6173355265625 0.2926206140625 0.61931469375 0.2925731 0.62061129375 0.2920778515625 0.6223081140625 0.2917086984375 0.6256578953124999 0.29152777812499997 0.6288623906249999 0.29148026250000003 0.6321381578125 0.29175621406249996 0.6334347593749999 0.28912280625000003 0.6348629390625 0.28916301093749996 0.6359594296875 0.2894846484375 0.637796053125 0.2900749265625 0.6392927625 0.2899415203125 0.6444791671875 0.3021290203125 0.642299890625 0.302096125 0.5851206140625 0.2679148390625 0.589717653125 0.26996527812500004 0.595457784375 0.27289656406249996 0.6021408984375001 0.2753801171875 0.6054057015625001
1 0.31432200312499997 0.5724533984375 0.3068183484375 0.5672697375 0.31805555625 0.6056990124999999 0.3277814328125 0.57040844375 0.31432200312499997 0.5724533984375
1 0.31984831874999997 0.6105455046875 0.3316739765625 0.6515625 0.331421784375 0.568467653125 0.31984831874999997 0.6105455046875
1 0.3042726609375 0.570145284375 0.3052010234375 0.6548218203125 0.31671966406249996 0.611389803125 0.3042726609375 0.570145284375
1 0.318382675 0.6166666671875001 0.30548245625 0.66453125 0.3312828953125 0.658251096875 0.318382675 0.6166666671875001
1 0.3616465640625 0.6242406796875 0.3616465640625 0.6209649125000001 0.3616465640625 0.620309759375 0.3607730265625 0.6193283984375 0.3603362578125 0.616872259375 0.3611549703125 0.6141721484375 0.3611549703125 0.6106524125 0.3597368421875 0.6055783984375 0.36295504375 0.5991118421875 0.36295504375 0.5935444078125001 0.36459247031249997 0.579956140625 0.3650292390625 0.576518640625 0.33387061406249996 0.580940240625 0.333760965625 0.6355345390625 0.361536915625 0.6290679828125 0.3616465640625 0.6242406796875
0 0.2893165203125 0.6775054828125 0.2890113296875 0.6799671046875 0.2889400578125 0.6865871703125 0.290213815625 0.6929769734375 0.3358790203125 0.68147478125 0.3360398390625 0.679051534375 0.3345869890625 0.6766447375 0.31476425468749997 0.6833031796875 0.302205775 0.6664857453125 0.302474415625 0.6627192984375 0.2891995609375 0.666082784375 0.28864400625000003 0.6754879390624999 0.2893877921875 0.6760389250000001 0.2893165203125 0.6775054828125
0 1 0.7833004390625 0.9993457609374999 0.7838733546875 0.9932255109374999 0.8031496703125001 0.9828216375000001 0.8086595390625 0.9650731 0.819676534375 0.9519152046875 1 1 1 1 0.7833004390625
0 0.2866940796875 0.6951644734375 0.284367690625 0.6790844296875 0.28462719375 0.67714638125 0.2847551171875 0.6752083328125 0.2844974421875 0.667653509375 0.2525932015625 0.67501370625 0.2531103796875 0.688577303125 0.2492361109375 0.6887719296875 0.2484612578125 0.6761759875 0.2268896203125 0.6806332234375 0.2262445171875 0.7038843203125 0.2262445171875 0.712020284375 0.2866940796875 0.6951644734375
1 1 0.0743530703125 0.748757309375 0.19915021875 0.7489144734375001 0.2634046046875 0.800168128125 0.2486595390625 0.80020650625 0.24286732500000002 0.7996637421874999 0.22484923281250002 0.823159721875 0.21489035156249997 0.8275255843749999 0.21275767499999998 0.8280281437499999 0.23788651249999998 0.8001279234374999 0.2487171046875 0.7488249265625 0.263695175 0.7490314328125 0.3735882671875 0.7590149859374999 0.3728892546875 0.7748647656250001 0.3740131578125 0.782213084375 0.374303728125 0.7849524859375 0.3758552625 0.7850292390625 0.45254111874999997 0.7495869890625 0.45453673281249996 0.7497423249999999 0.4607757671875 0.7504513890625 0.46102521875 0.7827174703125 0.6267982453125 0.7889309203125 0.62712719375 0.7879221484375 0.57109375 0.7873793859375 0.571735196875 0.7868512421875 0.572489034375 0.7866045328125 0.573070175 0.7862171046875 0.5746217109375 0.7861275578125 0.5759375 0.78615314375 0.57636513125 0.7858168859375 0.576307565625 0.7858168859375 0.5736129390625 0.786036184375 0.57109375 0.7865149859375 0.5695257671875 0.7879221484375 0.5667543859374999 0.787975146875 0.5622012062499999 0.78267909375 0.5611732453125 0.7830135234375 0.5552658984375001 0.7880135234375001 0.5533854171875 0.7880135234375001 0.5532894734375 0.7881816515625 0.5525520828125 0.789046053125 0.5514281796875 0.79016995625 0.5512362937499999 0.79045504375 0.5526507671875 0.7916045328125 0.552299890625 0.79222405 0.5508662281250001 0.7919133765625 0.5502083328125 0.7917854531249999 0.5499369515625 0.7918877921874999 0.54925986875 0.7920687140625 0.5489117328125 0.7922880109375 0.548270284375 0.7930756578125 0.5480783984375 0.7935672515625 0.5480180921875 0.7935416671875 0.5479413375 0.79288194375 0.546293859375 0.7925731 0.54571271875 0.7924049703125 0.545112390625 0.7922880109375 0.544317434375 0.7922880109375 0.5437774125 0.7925858921875 0.5430016453125 0.7928435671875 0.5425932015625 0.793205409375 0.542245065625 0.79364400625 0.54193530625 0.7943165203125 0.541877740625 0.7947551171875 0.541663925 0.79488486875 0.540948465625 0.794974415625 0.5401918859375 0.7943804828125 0.53995888125 0.79386513125 0.53957236875 0.7905445906249999 0.545211075 0.7901315796875 0.545770284375 0.7899506578125 0.54584978125 0.78949926875 0.5450932015625 0.7897313593749999 0.54443530625 0.793062865625 0.539745065625 0.7935160812500001 0.5391447375 0.794044225 0.5384100875 0.79482090625 0.5371875 0.7952850875 0.5366255484375 0.7952595031249999 0.536123903125 0.7934375 0.5373629390625 0.793269371875 0.5360252187500001 0.7929349421875 0.53404879375 0.7933095765625 0.53186129375 0.7936842109375 0.529690240625 0.7944462718749999 0.5286430921874999 0.79482090625 0.5281606359375 0.7951041671875 0.52756030625 0.795608553125 0.5268421046875 0.7961769000000001 0.5261842109375 0.7968475875000001 0.5252741234375 0.797313596875 0.5247505484375 0.79820358125 0.5246518640625 0.7991465640625 0.5247505484375 0.8002192984375001 0.52542763125 0.8002832609375 0.5256990125 0.8002576749999999 0.526417215625 0.8012646203125 0.5261842109375 0.80141995625 0.525466009375 0.8003874265625001 0.524188596875 0.7994956140625 0.522870065625 0.7987079671874999 0.522288925 0.797856359375 0.521165021875 0.794974415625 0.5236266453125 0.7951041671875 0.5258552625 0.79482090625 0.5256606359375 0.793812134375 0.5237225875 0.794225146875 0.5229468203125001 0.7958278515625 0.5218256578125 0.796873171875 0.5209128296875 0.79788194375 0.5200219296874999 0.7988633046875 0.5201206140625 0.799018640625 0.5203125 0.7995869890625 0.519207784375 0.8002832609375 0.51808388125 0.8001553359375 0.5171354171875 0.8002448828125001 0.51665021875 0.8003088453125 0.5161293859375 0.8002576749999999 0.5154303734375 0.8001809203124999 0.5146354171875 0.8003088453125 0.513067434375 0.8002448828125001 0.5114775218750001 0.8006195171874999 0.510296053125 0.8009173984375 0.509385965625 0.8011366953125 0.508747259375 0.8016666671875001 0.5079331140625001 0.8022350140625001 0.5071381578125 0.8026991953125 0.506151315625 0.8031122078124999 0.50529879375 0.8041721484375 0.504385965625 0.8049597953125 0.5038843203125001 0.805696271875 0.503495065625 0.8067288015624999 0.502313596875 0.8075822374999999 0.501674890625 0.8078782890625 0.502313596875 0.808382675 0.50279879375 0.8083187140625 0.5032620609375 0.8076973687500001 0.5033607453125 0.810062134375 0.5088623906249999 0.8103965640625 0.5086485749999999 0.8114053359375 0.5086293859375 0.810992325 0.5094819078125 0.810462353125 0.510567434375 0.810526315625 0.5110142546875001 0.8110946640625001 0.5110718203125 0.8113139625000001 0.5108196265625 0.811688596875 0.5100246703125 0.8119206875 0.5094819078125 0.8123611109375 0.5088623906249999 0.8130847953125 0.5083004390625 0.813678728125 0.50837719375 0.8142726609375 0.5086485749999999 0.8147496343749999 0.5086485749999999 0.8151370609375 0.508591009375 0.81540935625 0.5083963812500001 0.81540935625 0.5079906796875 0.8155519 0.5073903515625 0.815796784375 0.5069435312499999 0.8167141812500001 0.5059758765625 0.8173336984375 0.50552905625 0.8179148390625001 0.505570175 0.8186129390625 0.5058607453125 0.8190899125 0.5064007671875 0.819632675 0.5069435312499999 0.8206012421875 0.5069435312499999 0.8212737578124999 0.5068475875 0.8224616234375001 0.5063815796875 0.8238815796875001 0.5054906796874999 0.824786184375 0.5045997812499999 0.826348684375 0.5034758765625 0.8280665203125 0.5034758765625 0.8294883046875 0.5034758765625 0.830392909375 0.5042516453125 0.8306889625 0.5052796046875 0.8322642546875001 0.5061705046875 0.8323300437500001 0.5090762062499999 0.8490040203125 0.5090762062499999 0.8512902046875 0.3492543859375 0.9899506578124999 0.32050164531249997 0.9897697375 0.3922066890625 1 0.39116228125 1 0.0743530703125
0 0.22236842031249998 0.7048519734375 0.22107821562500002 0.7044654609375 0.22107821562500002 0.70368969375 0.22211074531250002 0.702913925 0.2204312859375 0.682184759375 0.21203581875 0.6845093203125 0.20945358125000002 0.7034950656250001 0.20816154999999997 0.7058196265625 0.20389802656249997 0.7052384875000001 0.206224415625 0.6856716015625001 0.1889163015625 0.690126096875 0.18917397656249998 0.7232565796875 0.22198099375 0.7129879390625 0.22236842031249998 0.7048519734375