1 0.13334967343749998 0 0.3831372546875 0.173382353125 0.4425 0.213039215625 0.46323529375000005 0.22625 0.5301633984375 0.2710049015625 0.5747058828125 0.30605392187499997 0.5889379078125 0.3177450984375 0.6092647062500001 0.3075735296875 0.199852940625 0 0.13334967343749998 0
1 0.199852940625 0 0.6092647062500001 0.3075735296875 0.6091503265625 0.2422058828125 0.3677941171875 0 0.199852940625 0
1 1 0.0916911765625 0.6091503265625 0.2422058828125 0.6092647062500001 0.3075735296875 0.5747058828125 0.30605392187499997 0.5723366015625 0.3243382359375 0.57055555625 0.33607843125 0.5689705875 0.618553921875 0.5673202609375 0.6783823531250001 0.6466013078125 0.696053921875 0.6466013078125 0.2959803921875 1 0.2157598046875 1 0.0916911765625
1 0.6466013078125 0.696053921875 0.6671568625 0.6820343140625 0.6669281046875 0.3185049015625 0.6466013078125 0.2959803921875 0.6466013078125 0.696053921875
1 0.7366013078125 0.6026960781249999 0.7400326796875001 0.39117647031249997 0.6959150328125 0.3497549015625 0.6669934640624999 0.35269607812500003 0.7130718953125 0.3982843140625 0.7107843140625 0.6139705875 0.7366013078125 0.6026960781249999
1 0.6860620921875 0.5497058828125 0.6669444437500001 0.5499509796875001 0.6671241828125 0.593063725 0.6970098046875 0.5938235296875 0.69831699375 0.4037009796875 0.683774509375 0.39409313749999997 0.6671241828125 0.39664215625 0.6669444437500001 0.43156862812499996 0.68620915 0.4303431375 0.6860620921875 0.5497058828125
1 1 0.35522058749999996 0.7400326796875001 0.39117647031249997 0.7366013078125 0.6026960781249999 0.7711764703124999 0.6043382359375 0.7746568625 0.4177696078125 0.9621078437499999 0.398946078125 0.9603594765624999 0.626813725 1 0.6312745093750001 1 0.35522058749999996
1 0.7130718953125 0.3982843140625 0.69831699375 0.4037009796875 0.6969117640625 0.613774509375 0.7107843140625 0.6139705875 0.7130718953125 0.3982843140625
1 0.3831372546875 0.173382353125 0.2672385625 0.2633088234375 0.2649509796875 0.31674019531250003 0.4425 0.213039215625 0.3831372546875 0.173382353125
1 0.2649509796875 0.31674019531250003 0.2809803921875 0.3211519609375 0.35011437968750003 0.27999999999999997 0.3639542484375 0.286225490625 0.46323529375000005 0.22625 0.4425 0.213039215625 0.2649509796875 0.31674019531250003
1 0.4222385625 0.25115196093750003 0.3639542484375 0.286225490625 0.48245097968749995 0.3453431375 0.4888071890625 0.33897058750000003 0.4875980390625 0.29183823593749997 0.4222385625 0.25115196093750003
1 0.4875980390625 0.29183823593749997 0.4888071890625 0.33897058750000003 0.5723366015625 0.3243382359375 0.5747058828125 0.30605392187499997 0.5301633984375 0.2710049015625 0.4875980390625 0.29183823593749997
1 0.4888071890625 0.33897058750000003 0.48245097968749995 0.3453431375 0.4830228765625 0.34703431406249996 0.49478758125000005 0.353382353125 0.57055555625 0.33607843125 0.5723366015625 0.3243382359375 0.4888071890625 0.33897058750000003
1 0 0 0 0.159289215625 0.2672385625 0.2633088234375 0.3831372546875 0.173382353125 0.13334967343749998 0 0 0
1 0.2755228765625 0.6579411765625001 0.3447549015625 0.689852940625 0.35011437968750003 0.27999999999999997 0.2809803921875 0.3211519609375 0.2755228765625 0.6579411765625001
1 0.5300490203125 0.636397059375 0.532647059375 0.398039215625 0.5607026140625 0.4047549015625 0.5566503265625 0.6212500000000001 0.5689705875 0.618553921875 0.57055555625 0.33607843125 0.49478758125000005 0.353382353125 0.48245097968749995 0.3453431375 0.3639542484375 0.286225490625 0.35011437968750003 0.27999999999999997 0.36736928125 0.678063725 0.3690359484375 0.3491911765625 0.4304248359375 0.366274509375 0.43222222187500003 0.664852940625 0.5300490203125 0.636397059375
1 0.4222385625 0.25115196093750003 0.4875980390625 0.29183823593749997 0.5301633984375 0.2710049015625 0.46323529375000005 0.22625 0.4222385625 0.25115196093750003
1 0 0.7056372546875 0.2755228765625 0.6579411765625001 0.2809803921875 0.3211519609375 0.2649509796875 0.31674019531250003 0.2672385625 0.2633088234375 0 0.159289215625 0 0.7056372546875
0 1 0.6360294125 0.9616013078125001 0.6299019609375 0.956699346875 0.6200980390625 0.8031045750000001 0.60539215625 0.739379084375 0.60539215625 0.7017973859375 0.6176470593750001 0.67892156875 0.60539215625 0.668300653125 0.6311274515624999 0.669934640625 0.6825980390625 0.6478758171875 0.6985294125 0.57271241875 0.6838235296875 0.5653594765625 0.6752450984375 0.562908496875 0.6495098046875001 0.5253267968750001 0.6397058828125 0.44362745156249994 0.6666666671875 0.3700980390625 0.67892156875 0.34722222187499996 0.6936274515624999 0.2916666671875 0.6666666671875 0.260620915625 0.66176470625 0.0678104578125 0.688725490625 0 0.7095588234375 0.0008169937500000001 1 1 0.998774509375 1 0.6360294125