0 1 0.9208423234374999 0.9367322078125 0.8922448125000001 0.938025478125 0.9015518671875 0.9350498484375 0.9044605812500001 0.9325906953124999 0.9168713687500001 0.9290958187499999 0.9166763484375 0.9273483796875001 0.9075435687500001 0.9239975078124999 0.9065352703125 0.919066740625 0.8860975109375 0.89201883125 0.873358921875 0.8875796171875001 0.9712427390625 0.8851204656249999 0.9712427390625 0.8822085296875001 0.9846618250000001 0.878183328125 0.9853215765625001 0.873046246875 0.9702551875 0.85703683125 0.8734937765625 0.8496095265625 0.8755871375 0.753685959375 0.8312033187500001 0.7389587375 0.8959875515625001 0.7374702296875 0.8970933609375 0.7346746046875 0.9079896265625 0.7270396015625 0.8917987546875 0.7401883140625001 0.8077780078125001 0.67905289375 0.7820850625 0.6728662421875 0.7919356843750001 0.6715078921875001 0.8209834031250001 0.670704790625 0.8235435687500001 0.6636001109375 0.8220684640625 0.662617003125 0.8028132781249999 0.64871780625 0.81520539375 0.64737191875 0.8690726140624999 0.6366435890625 0.8682780078125001 0.6331487124999999 0.8083609953125 0.6100733875000001 0.8091742734375 0.615444475 0.8135954359375001 0.6167903625 0.8228443984375 0.615444475 0.829670125 0.6134907234375 0.9261597515625001 0.6143962890625 0.9280975109374999 0.616725284375 0.9422531125000001 0.615354471875 0.9601514515625 0.6079382437499999 0.97420954375 0.5935987265625 0.9882676343749999 0.5726336187500001 0.9997676343749999 0.575293546875 1 1 1 1 0.9208423234374999
1 0.9209789531249999 0.816607884375 0.9107117140625001 0.7274522828125 0.8989795078125 0.7256763484375 0.9063555796875 0.7677385890624999 0.9159291062499999 0.8146639 0.9209789531249999 0.816607884375
0 0.582738853125 0.9789460578125 0.573886734375 0.9405518671875001 0.5659664906249999 0.9868568468750001 0.582738853125 0.9789460578125
0 0.60024093125 0.9086721984375 0.6072293 0.916352696875 0.6069191359375 0.851896265625 0.6039684296875001 0.8551535265625001 0.5952713921874999 0.8605062234374999 0.5876613125000001 0.86446265625 0.5882830234374999 0.9002966812500001 0.59340764375 0.9026224062500001 0.60024093125 0.9086721984375
0 0.5767238984375 0.868522821875 0.5738119640625 0.869977178125 0.5735959562499999 0.8927614109374999 0.57693990625 0.8930850625 0.5767238984375 0.868522821875
0 0.5677720859375001 0.8717551875 0.5656147875 0.8722406640625 0.5646441421875 0.87337136875 0.564752146875 0.8741784234375001 0.569282746875 0.8913070546874999 0.56949736875 0.8717551875 0.5677720859375001 0.8717551875
0 0.59980199375 0.9233838171875 0.58616034375 0.912329875 0.5810163390625 0.908647303125 0.5769925234375 0.9254024890625001 0.5877776234375001 0.974898340625 0.598238715625 0.9661721984374999 0.6077291609375 0.9535684640625 0.6082040984375 0.9357780078125 0.59980199375 0.9233838171875
0 0.451667128125 0.8903609953125 0.4324716140625 0.8934315359375 0.40973552968750004 0.8978983406250001 0.3993007484375 0.9012510375 0.3996732203125 0.9908817421875 0.41514123437499995 0.9945124484375001 0.4300498484375 0.9975829875000001 0.451667128125 0.9992593359375 0.451667128125 0.8903609953125
1 0.8312489609375 0.43602489687499996 0.83006369375 0.43537759375 0.83006369375 0.4324688796875 0.8293076703125 0.43117634843749997 0.8258571031249999 0.4305290453125 0.825318471875 0.43101452343749996 0.8227291609374999 0.43618464687499997 0.8115134312500001 0.5053464734374999 0.8288770421875 0.48029875468750005 0.8308183328125001 0.48126970937499997 0.8318969812500001 0.48013900468750004 0.8312489609375 0.43602489687499996
1 0.856910828125 0.7413692953125001 0.8775657718750001 0.742066390625 0.8693727499999999 0.611896265625 0.8588645796875 0.5389854765625001 0.84718914375 0.538941909375 0.8489642765625 0.6030912859375 0.855978953125 0.7367136921874999 0.856910828125 0.7413692953125001
1 0.83483245625 0.5387136921875 0.83307255625 0.48612655625 0.8321669890625 0.48612655625 0.831649128125 0.48670746875 0.80874273125 0.5204481328125 0.79497230625 0.5979917015625 0.7742273609375 0.7242655609375 0.7652201609375 0.7748755187499999 0.8396330656250001 0.802603734375 0.8467779015625 0.77179253125 0.8427790078124999 0.7075311203125 0.83483245625 0.5387136921875
1 0.8510108000000001 0.3210477171875 0.8491235109374999 0.3229315359375 0.846786209375 0.324145228125 0.8449889234375 0.3261639 0.8449889234375 0.32737551875 0.8451689281249999 0.3370705390625 0.8455289390624999 0.3428609953125 0.8462475765624999 0.3428609953125 0.8470562171875 0.3428609953125 0.8478648578125 0.3440746890625 0.8476848515625001 0.347170125 0.84750623125 0.3528257265625 0.8477748546875 0.360232365625 0.8477748546875 0.36508091249999997 0.84822486875 0.3673692953125 0.8487634999999999 0.3684460578125 0.8498421484375 0.3684460578125 0.8517294375000001 0.3687157671875 0.8599086125 0.3687157671875 0.8631431734375001 0.3687157671875 0.86566048125 0.3687157671875 0.8675477703125001 0.368313278125 0.8689850453125001 0.3673692953125 0.870872334375 0.3661576765625 0.872489615625 0.3649460578125 0.8732996406250001 0.3638692953125 0.8742882859375 0.361309128125 0.8748269171875 0.359829875 0.8757255609374999 0.35578838125 0.875905565625 0.35376970937499996 0.875905565625 0.350941909375 0.8761755750000001 0.3469024890625 0.8771005265625 0.3463278015625 0.8766380500000001 0.3178402484375 0.8768942125000001 0.3145829875 0.850382165625 0.31592946093749996 0.8517294375000001 0.317815353125 0.8514608140625001 0.3205082984375 0.8510108000000001 0.3210477171875
1 0.946435890625 0 0.8983411796875 0.02303941875 0.8968512875 0.102060165625 0.9086347265624999 0.103838175 0.9220825250000001 0.107313278125 0.9308931046875 0.11078630781250001 0.93738438125 0.11564937812500001 0.94063001875 0.11912448125 0.942949321875 0.12468257187500001 0.9392398234374999 0.2990809125 0.9248643031249999 0.30741701250000003 0.9104887843749999 0.310892115625 0.89796870625 0.313670125 0.8766380500000001 0.3178402484375 0.8771005265625 0.3463278015625 0.8803475484375 0.34980082968750004 0.8817377453124999 0.3595290453125 0.8826654671874999 0.396352696875 0.90492384375 0.3977427390625 0.9039975078125 0.40608091249999995 0.8812752703125 0.40608091249999995 0.8771005265625 0.40399585 0.8771005265625 0.42623029062500006 0.8784921078125001 0.4290082984375 0.8789559671875 0.43178838124999996 0.8789559671875 0.43456846406249994 0.8970409859374999 0.558937759375 0.9197632234374999 0.69929045625 0.9248643031249999 0.736809128125 0.9299653828125001 0.7840560171875001 0.9341387421875 0.8250497921875001 1 0.850441909375 1 0.3032489625 0.9972043749999999 0.3032489625 0.9948864578125001 0.3032489625 0.9939587375000001 0.3067219921875 0.993031015625 0.30741701250000003 0.9916394343749999 0.3081120328125 0.9893215171874999 0.30741701250000003 0.9865383546875 0.3081120328125 0.98561201875 0.3081120328125 0.98561201875 0.305334025 0.9851481578125 0.30116390000000004 0.9837565765624999 0.3004688796875 0.9823649953125001 0.3032489625 0.9805109390625001 0.3032489625 0.9791193578125 0.3025539421875 0.9763375796875 0.3039439828125 0.9735544171875 0.3032489625 0.9712365000000001 0.30116390000000004 0.9679894765625001 0.2949107890625 0.9670631406249999 0.2942157671875 0.9647438375 0.2942157671875 0.96288978125 0.2942157671875 0.9614982 0.2928257265625 0.9605704796874999 0.291437759375 0.9605704796874999 0.29074273906250003 0.96010661875 0.2900477171875 0.9587150375 0.2886576765625 0.9587150375 0.2865726140625 0.9596427578125001 0.283099584375 0.957324840625 0.2803195015625 0.957324840625 0.27892946093750004 0.9568609796875001 0.2768464734375 0.9545416781249999 0.2761514515625 0.9526876218749999 0.27545643124999997 0.9517599000000001 0.271983403125 0.9512960406250001 0.2685082984375 0.9512960406250001 0.2664232359375 0.9512960406250001 0.26503527031249996 0.9508321796875 0.263645228125 0.9508321796875 0.261560165625 0.9512960406250001 0.261560165625 0.949904459375 0.2587800828125 0.949904459375 0.257392115625 0.9485142625 0.2553070546875 0.94712268125 0.2546120328125 0.94712268125 0.2539170125 0.9494419828125 0.2511390046875 0.9494419828125 0.2497489625 0.94712268125 0.24835892187500003 0.9475865406249999 0.24627385937500001 0.9475865406249999 0.24349585 0.95036831875 0.2428008296875 0.9508321796875 0.2414107890625 0.9494419828125 0.24071576718749998 0.949904459375 0.237937759375 0.949904459375 0.23585269687500002 0.9512960406250001 0.2351576765625 0.9512960406250001 0.2330726140625 0.949904459375 0.23237759375000003 0.948978121875 0.2309896265625 0.94712268125 0.229599584375 0.94712268125 0.2275145234375 0.9485142625 0.22612448125 0.9494419828125 0.2254294609375 0.9485142625 0.22404149375000001 0.9485142625 0.22195643125000003 0.948978121875 0.2212614109375 0.949904459375 0.21848132812499999 0.9508321796875 0.216398340625 0.95036831875 0.2150082984375 0.9508321796875 0.2129232359375 0.9517599000000001 0.210838175 0.9522237609375 0.2094502078125 0.9522237609375 0.2087551875 0.9512960406250001 0.2073651453125 0.9512960406250001 0.20597510312499998 0.9512960406250001 0.20528008281250001 0.9517599000000001 0.2045850625 0.9531514812499999 0.2045850625 0.9545416781249999 0.2045850625 0.9545416781249999 0.202502075 0.9540792031249999 0.20180705468750001 0.9536153421875 0.1997219921875 0.9540792031249999 0.1976369296875 0.9550055390625 0.19624896249999998 0.9563971203125 0.19624896249999998 0.955933259375 0.1941639 0.9563971203125 0.19346887968749998 0.9568609796875001 0.192773859375 0.9577887015625001 0.19207883750000002 0.9582525609375001 0.1913838171875 0.9596427578125001 0.190688796875 0.9610343390624999 0.18999585000000002 0.9619620609374999 0.1893008296875 0.9610343390624999 0.1872157671875 0.9610343390624999 0.18582572656250002 0.96010661875 0.1837406640625 0.9596427578125001 0.182352696875 0.9605704796874999 0.1816576765625 0.96288978125 0.1816576765625 0.96335225625 0.18096265625000002 0.9624259203125 0.1795726140625 0.9624259203125 0.1774875515625 0.96335225625 0.17679253125 0.9638161171874999 0.176099584375 0.9647438375 0.1754045640625 0.965671559375 0.1733195015625 0.9661354203125001 0.17262448125000002 0.9661354203125001 0.1719294609375 0.9670631406249999 0.1712344390625 0.9684533375000001 0.17053941875 0.9689171968749999 0.16984647343749998 0.96984491875 0.1691514515625 0.9707726390625 0.16845643125 0.9707726390625 0.16776141093750002 0.9712365000000001 0.164981328125 0.9712365000000001 0.1642863078125 0.9721642203125 0.1635912859375 0.9735544171875 0.1635912859375 0.9740182781250001 0.162898340625 0.9749459984375 0.160813278125 0.97587371875 0.1601182578125 0.976801440625 0.1601182578125 0.976801440625 0.15942323593750002 0.9777277765625 0.158728215625 0.9781916359375 0.158728215625 0.9791193578125 0.158728215625 0.9809748 0.158728215625 0.9819011359375001 0.15803319531249999 0.9832927171874999 0.15803319531249999 0.9842204375 0.15803319531249999 0.9851481578125 0.15803319531249999 0.9851481578125 0.1538651453125 0.9860744953125 0.153170125 0.9860744953125 0.149002075 0.9888576578125001 0.14969502031249998 0.9893215171874999 0.149002075 0.9893215171874999 0.1476120328125 0.9902492390625 0.1476120328125 0.9916394343749999 0.1476120328125 0.9921032953125 0.1483070546875 0.9934948765625 0.1469170125 0.9958127937500001 0.1483070546875 0.99859595625 0.1476120328125 0.9999861531249999 0.1469170125 1 0.146896265625 1 0 0.946435890625 0
1 0.88599556875 0 0.876910828125 0.00014107812499999998 0.876910828125 0.1006639 0.8968512875 0.102060165625 0.8983411796875 0.02303941875 0.946435890625 0 0.88599556875 0
1 0.876910828125 0.00014107812499999998 0.8485128765625 0 0.848777346875 0.1012780078125 0.876910828125 0.1006639 0.876910828125 0.00014107812499999998
1 0.82648296875 0 0.74718914375 0.051385892187500004 0.7455054 0.72229460625 0.7462655781249999 0.7478361 0.74718914375 0.7487780078124999 0.748031015625 0.7550829875 0.7462655781249999 0.755477178125 0.7457297140625 0.767941909375 0.7473386875 0.7683423234375 0.7486804203124999 0.7582904562499999 0.7567322078125 0.712854771875 0.803962890625 0.43099170156250005 0.8061091109375 0.426165975 0.8163071171875 0.4229481328125 0.8163071171875 0.414103734375 0.81603849375 0.41128838125 0.817917475 0.4096804984375 0.8181847140625 0.4052572609375 0.8195264468750001 0.40203941875 0.8224785375 0.3988236515625 0.8275782328125001 0.3964107890625 0.8275782328125001 0.39399792499999997 0.8332137906250001 0.39279253125 0.8329451671875001 0.3891742734375 0.82435751875 0.39037966874999996 0.8214054281250001 0.389977178125 0.82086818125 0.3799253109375 0.8197950703125001 0.3779149375 0.8197950703125001 0.3763070546875 0.8203323171875001 0.37429668125000004 0.8214054281250001 0.3690684640625 0.8197950703125001 0.3662551875 0.8195264468750001 0.36183195 0.8203323171875001 0.3574087140625 0.8227471609375 0.3529854765625 0.8254306281250001 0.350975103125 0.8270409859375001 0.3505726140625 0.8289199671875 0.3505726140625 0.8310661859374999 0.35137759375 0.8329451671875001 0.3525829875 0.8332137906250001 0.346149378125 0.833749653125 0.3449439828125 0.835628634375 0.3449439828125 0.8358972578125 0.32564315312500003 0.8345555250000001 0.32604564375 0.8326765437500001 0.32524066406249996 0.8313348109375 0.32484024843750003 0.8313348109375 0.3240352703125 0.8307975624999999 0.322829875 0.829724453125 0.3212199171875 0.8294558296875 0.3200145234375 0.829724453125 0.31920954375 0.8307975624999999 0.3171991703125 0.8305289390624999 0.316396265625 0.823284409375 0.316396265625 0.8026211578125 0.315188796875 0.7846399890625 0.3143858921875 0.7671974515625 0.3115705390625 0.7578053171875 0.3087551875 0.7524383828125 0.3063423234375 0.7489490453125 0.3039315359375 0.7481445578125 0.301518671875 0.7481445578125 0.299105809375 0.7516325125 0.14028008281249998 0.7540487406249999 0.1350539421875 0.7602201609375 0.12821784218750001 0.7720285234375 0.120981328125 0.7910814171875 0.11253734374999999 0.8133550265625 0.1069066390625 0.848777346875 0.1012780078125 0.8485128765625 0 0.82648296875 0
1 0.68490584375 0.6100560171875 0.6857463312500001 0.6151016593749999 0.686588203125 0.6327572609375001 0.688271946875 0.6453672203124999 0.687430075 0.6983340250000001 0.6857463312500001 0.7349066390625 0.748031015625 0.7550829875 0.74718914375 0.7487780078124999 0.7362475765625 0.7462551875 0.7362475765625 0.72229460625 0.7455054 0.72229460625 0.74718914375 0.051385892187500004 0.74382165625 0.048865145312500004 0.67463168125 0.03062655625 0.6798670734375001 0.1131742734375 0.6680725562500001 0.5949232359375001 0.6756466359375 0.5974460578125 0.6798559953125001 0.6024896265625 0.68490584375 0.6100560171875
1 0.1967626703125 0 0.6798670734375001 0.1131742734375 0.67463168125 0.03062655625 0.5706937140624999 0 0.1967626703125 0
1 0.910031846875 0.720228215625 0.8971323734375 0.6394668046875001 0.8815162000000001 0.5382136921875 0.8767709781249999 0.5386991703125 0.8820672937499999 0.61070331875 0.89792024375 0.7179024890625 0.910031846875 0.720228215625
0 0.38020492968749997 1 0.3724176125 0.99462863125 0.35818471406249996 0.9876804984374999 0.34433813281250003 0.9698278015625 0.3391207421875 0.957477178125 0.3418263640625 0.8347261406250001 0.31200636875 0.8422053937499999 0.3002520078125 0.8423506218749999 0.3002520078125 0.8366576765625 0.28189698124999996 0.8393112031250001 0.2832484078125 0.8890560171875 0.2796427578125 0.892 0.27439352031249997 0.8922904562499999 0.2680171703125 0.84862240625 0.25639158125 0.85566805 0.2534616453125 0.8533029046875 0.2355884796875 0.8646908718749999 0.2067349765625 0.885099584375 0.2034824140625 0.9581514515625 0.198330103125 0.9631701250000001 0.1918249796875 0.9637489625000001 0.1879617828125 0.89812863125 0.07589587343750001 0.8807572609375001 0.07170866718749999 0.92804356875 0.05850595468749999 0.9294917015624999 0.0581847140625 0.8841348546875001 0.04594710625 0.88220539375 0.039828303125 0.8923381750000001 0.0340321234375 0.8918547718750001 0.018896428125 0.89137344375 0.004727221875 0.8918547718750001 0 0.8976514515625 0 1 0.38020492968749997 1
0 0.46806009375 1 0.4848864578125 0.9418029046875 0.46788978124999997 0.889730290625 0.45684021093749994 0.888858921875 0.45653697031249996 1 0.46806009375 1
0 0.485486015625 0.8886182578125 0.473579340625 0.888230290625 0.4865203546875 0.9353506218750001 0.499203821875 0.8884253109375001 0.485486015625 0.8886182578125
0 0.47285516406249994 0.9992863078124999 0.4845956796875 0.999566390625 0.5015549703125 0.9998464734375 0.48645942968749994 0.9512593359375 0.47285516406249994 0.9992863078124999
0 0.5092813625 1 0.524160896875 0.9981431531249999 0.5405594015624999 0.9950705390625 0.5584505671875 0.9894854765625001 0.570750484375 0.9258215765625 0.5657186375000001 0.903483403125 0.5558404875 0.8981784234375001 0.53795070625 0.8939896265625 0.51931459375 0.8909190875 0.5049653828125 0.8898008296875 0.4889379671875 0.9431348546875 0.5061561890624999 1 0.5092813625 1
0 0.3546593734375 0.9636037343750001 0.3590598171875 0.9694211625 0.3573774578125 0.922688796875 0.3496122953125 0.9325767640624999 0.34443505937499996 0.9449875515624999 0.34844779843749996 0.9556535265624999 0.3546593734375 0.9636037343750001
0 0.3576225421875 0.9086099578125 0.355047078125 0.8569543562499999 0.3492245921875 0.8522987546874999 0.34748961562499997 0.9226680500000001 0.350931875 0.9137883812500001 0.3576225421875 0.9086099578125
0 0.3674369984375 0.864338175 0.364094434375 0.8627219921875 0.360211853125 0.8601369296874999 0.3619371359375 0.906190871875 0.3653877046875 0.9039273859374999 0.3674369984375 0.864338175
0 0.3744558296875 0.9103402484374999 0.37041262812500003 0.9133029046875001 0.3667806703125 0.9758651453124999 0.3749778453125 0.9808755187499999 0.3744558296875 0.9103402484374999
0 0.384036278125 0.9057614109375001 0.380890334375 0.908186721875 0.3794890609375 0.9835684640625001 0.3840002765625 0.9849543562499999 0.384036278125 0.9057614109375001
1 0.9013029625 0.8094543562500001 0.890168928125 0.7516597515625 0.89186651875 0.8047406640625001 0.9013029625 0.8094543562500001
1 0.87743284375 0.752224065625 0.8579313203125001 0.752224065625 0.8616158953124999 0.80420331875 0.8794101359375001 0.799354771875 0.87743284375 0.752224065625
0 0.5512724999999999 0.876441909375 0.5334768765625 0.8798340250000001 0.5618402109375 0.8875912859374999 0.5582816390625001 0.8743402484375 0.5512724999999999 0.876441909375
0 0.40212960468750003 0.8751037343749999 0.40005815624999996 0.8764605812499999 0.3996704515625 0.8875124484375 0.423871503125 0.8805331953125 0.40212960468750003 0.8751037343749999
0 0.394234284375 0.8743278015625 0.390610634375 0.8731639 0.3893173640625 0.891392115625 0.3943644421875 0.88887136875 0.394234284375 0.8743278015625
0 0.39409720312499996 0.90304149375 0.38990445937499996 0.9035082984375 0.3888175015625 0.9877406640625 0.39409720312499996 0.989601659375 0.39409720312499996 0.90304149375