1 1 0.24616 0.656685 0.32589999999999997 0.65611 0.3525733328125 1 0.2887533328125 1 0.24616
1 1 0.3160166671875 0.9735250000000001 0.6527999999999999 0.9910475 0.6629766671875 1 0.4549333328125 1 0.3160166671875
1 1 0.2887533328125 0.65611 0.3525733328125 0.65522 0.3936233328125 0.7490625 0.3843066671875 0.7471275 0.43533 0.80195 0.43361 0.8032400000000001 0.37929 0.9155725 0.3678233328125 0.9052524999999999 0.53996 0.91482 0.54254 0.9218075000000001 0.5439733328125 0.925355 0.5439733328125 0.928795 0.5439733328125 0.9323425000000001 0.5448333328125 0.9366424999999999 0.5448333328125 0.93933 0.5448333328125 0.9418025 0.54555 0.945135 0.54684 0.9501875 0.54813 0.952015 0.5497066671875 0.9535199999999999 0.5547233328125001 0.9540575 0.55759 0.954165 0.5617466671875 0.9531974999999999 0.57307 0.9531974999999999 0.5765066671875 0.9534125 0.5812366671875 0.975985 0.58611 0.9748025 0.5889766671875 0.973835 0.59084 0.9694274999999999 0.5945666671875001 0.9531974999999999 0.6035966671875 0.9536275 0.6154933328125 0.9526600000000001 0.63341 0.95137 0.64459 0.9735125 0.6527566671875 1 0.3160166671875 1 0.2887533328125
1 0.65522 0.3936233328125 0.6542875 0.43129333281250004 0.74736 0.4309366671875 0.7490625 0.3843066671875 0.65522 0.3936233328125
1 0.79925 0.5121266671875 0.7973925000000001 0.55072 0.8164325 0.5544366671875001 0.8216950000000001 0.40088 0.833925 0.40026333281250004 0.8345425000000001 0.3790033328125 0.8032400000000001 0.37929 0.80195 0.43361 0.8003349999999999 0.5075866671875 0.79925 0.5121266671875
1 0.77616 0.5475566671875 0.7973925000000001 0.55072 0.79925 0.5121266671875 0.8003349999999999 0.5075866671875 0.74546 0.50301 0.743525 0.5472133328125001 0.7668725000000001 0.5513399999999999 0.77616 0.5475566671875
1 0.73543 0.56432 0.7349325 0.5509633328125 0.735495 0.5499666671875 0.7361774999999999 0.5490566671875 0.736925 0.5483933328124999 0.7379825 0.5469833328125 0.743525 0.5472133328125001 0.7452275 0.50766 0.730495 0.5167033328125 0.7295149999999999 0.5642566671875 0.735495 0.5658933328125 0.73543 0.56432
1 0.73078 0.5024766671875 0.7022725000000001 0.49886666718750006 0.6997175 0.57389 0.7295149999999999 0.5642566671875 0.73078 0.5024766671875
1 0.6990974999999999 0.48613999999999996 0.69947 0.48116333281249996 0.6994075 0.47967000000000004 0.6998425 0.47651666718749996 0.7005275 0.4752733328125 0.701025 0.4640766671875 0.7010875000000001 0.4555333328125 0.7004025 0.45221666718750003 0.6994075 0.4498933328125 0.6979775 0.44814999999999994 0.69611 0.44699 0.693685 0.4470733328125 0.6915074999999999 0.44873333281249994 0.6894549999999999 0.4525466671875 0.6887075 0.45868666718749995 0.68846 0.46358 0.6874024999999999 0.46557000000000004 0.6847274999999999 0.46532 0.6848525000000001 0.4625 0.6855975 0.46134000000000003 0.6867175 0.45802 0.687215 0.45453666718749997 0.6879625 0.45080666718750007 0.6896424999999999 0.44814999999999994 0.6913199999999999 0.44591333281249995 0.6937475 0.445 0.6954275 0.4449166671875 0.6968575 0.445 0.6986625 0.44566333281250003 0.7006525 0.44782 0.7019575 0.44955999999999996 0.7028925 0.4517166671875 0.7025175 0.47485999999999995 0.70283 0.47626999999999997 0.7037 0.47892333281250005 0.709175 0.4780933328125 0.7091125 0.48307 0.702955 0.48323666718749997 0.7026425 0.48605666718749996 0.745505 0.49012 0.7461875 0.46955 0.7471275 0.43533 0.74736 0.4309366671875 0.6542875 0.43129333281250004 0.6540375 0.44393000000000005 0.6533125 0.48091333281250004 0.6990974999999999 0.48613999999999996
1 0.6001299999999999 0.3986433328125 0.598475 0.5845866671875 0.59998 0.5845866671875 0.6036325 0.5842966671875 0.60729 0.58258 0.6085775 0.5817166671875 0.6094375000000001 0.58057 0.6108374999999999 0.5782733328125 0.6120175 0.5761266671875 0.6124475 0.5728333328125 0.61256 0.5702533328125 0.6133124999999999 0.5685266671875 0.6138475 0.5659500000000001 0.616105 0.55821 0.6193275 0.5544866671875 0.6249399999999999 0.5494333328125001 0.630115 0.25335 0.60156 0.2639666671875 0.600875 0.3395766671875 0.6005425 0.36251 0.6001299999999999 0.3986433328125
0 1 0.6672333328125 0.9917849999999999 0.6743 0.9705175 0.6676066671875 0.9696325 0.6632733328125 0.9548650000000001 0.6581566671875 0.971995 0.7428233328125 0.96845 0.7451866671875 0.9447975 0.6506733328125 0.94155 0.6518200000000001 0.9545925000000001 0.7260533328125 0.9515174999999999 0.7268433328125 0.937735 0.6542833328125 0.9365525 0.6554633328125 0.9333024999999999 0.6558566671875 0.931235 0.6566466671875 0.92592 0.6578266671875 0.9229649999999999 0.6554633328125 0.9235575 0.7464333328125 0.9203075000000001 0.7468266671875 0.917355 0.6566466671875 0.9120375 0.65389 0.9117425000000001 0.65625 0.9152875 0.7877833328125 0.91056 0.7893600000000001 0.90554 0.6657033328125 0.90052 0.6692466671874999 0.9070175 0.7519466671874999 0.90495 0.75234 0.8963850000000001 0.67279 0.8898849999999999 0.6771233328124999 0.8866375 0.67791 0.88132 0.6787 0.8763 0.6767299999999999 0.876595 0.7803 0.87246 0.7803 0.8716225 0.6972733328125 0.86958 0.6964533328125 0.8652725 0.6731866671875 0.8550575 0.6707566671875 0.8468375 0.7126 0.8447950000000001 0.7136833328125001 0.84376 0.7115166671875001 0.8513674999999999 0.6702 0.8484875000000001 0.6702 0.8415225 0.6677366671875 0.8390599999999999 0.6663933328125 0.840685 0.7128599999999999 0.8382225 0.71424 0.8353675 0.67486 0.8300274999999999 0.7186033328125 0.8265325000000001 0.71752 0.8329074999999999 0.66393 0.8322925 0.66311 0.8283775 0.66147 0.8249074999999999 0.6603533328125 0.8216100000000001 0.6603533328125 0.8197625000000001 0.6603533328125 0.8238749999999999 0.7101366671875 0.8238749999999999 0.7136166671875 0.8221025 0.7152566671875 0.8159000000000001 0.6601233328125 0.7956175 0.73042 0.7968975 0.7395433328125 0.7898825 0.7403966671875 0.79296 0.7286133328125 0.7909675 0.6530366671875 0.79072 0.6490966671875 0.78826 0.64713 0.7857974999999999 0.6454866671875 0.77866 0.6851966671875 0.7769375000000001 0.68487 0.7823525 0.64352 0.77989 0.6438466671875 0.7761975 0.66649 0.773245 0.6671466671874999 0.7747225 0.6422066671875 0.7705375 0.6422066671875 0.7661075 0.63958 0.76143 0.6888066671875 0.7589699999999999 0.6884766671875 0.763645 0.6385966671875 0.7602 0.6389233328125 0.756755 0.6366266671874999 0.754785 0.63597 0.7515850000000001 0.6353133328125 0.745925 0.6353133328125 0.7281299999999999 0.7077433328125 0.7260375 0.7072166671875 0.7429475 0.6306533328125 0.7426025 0.6306533328125 0.73987 0.6299633328125 0.7386874999999999 0.6290466671875 0.7186275 0.6927766671875 0.7165600000000001 0.6928766671875 0.734725 0.62478 0.7339875 0.6221533328125 0.733495 0.6087 0.7349725 0.5791633328125 0.7244125 0.5759466671875 0.6999975 0.5822499999999999 0.65183 0.5673833328125 0.6497625 0.6835233328125 0.6528375 0.6876266671875 0.652665 0.6967166671875 0.62244 0.7124666671875 0.598345 0.6911033328125 0.6110450000000001 0.71959 0.6043999999999999 0.7210333328125 0.604645 0.71644 0.5949 0.6956966671875 0.591355 0.6998 0.5761425 0.7181766671875 0.573535 0.71913 0.5697924999999999 0.72031 0.5724525 0.7708833328125 0.5712200000000001 0.7711766671875 0.5671350000000001 0.76842 0.568365 0.76596 0.565905 0.72031 0.5619925 0.7197533328125 0.55318 0.7181133328125 0.5503 0.71539 0.5449824999999999 0.7104666671875 0.53861 0.7055433328125 0.5297975 0.7025233328125 0.52261 0.7008833328125 0.5138 0.69596 0.49681499999999995 0.6913 0.47840499999999997 0.72927 0.4788475 0.73078 0.4747375 0.7321566671874999 0.4721775 0.7303200000000001 0.49204 0.6902166671875001 0.486625 0.68792 0.4763625 0.6828333328125 0.469595 0.6769933328125 0.46806749999999997 0.6736433328125 0.4665175 0.66987 0.4630725 0.6627500000000001 0.4607075 0.65484 0.45962500000000006 0.6507066671875 0.46353999999999995 0.6524433328125 0.4658025 0.6530666671875001 0.47185750000000004 0.6507066671875 0.4769525 0.65054 0.48111249999999994 0.65054 0.4877575 0.6519866671875 0.49438000000000004 0.6517566671874999 0.4967675 0.6507066671875 0.49972000000000005 0.64808 0.50745 0.64424 0.5097125 0.6431899999999999 0.5135775 0.6365933328125 0.5154475 0.6354133328125 0.5189174999999999 0.63292 0.5199024999999999 0.6305233328125001 0.5217725 0.6247133328125 0.523275 0.6206433328125 0.5260325 0.6148366671875001 0.52832 0.6123433328125001 0.532555 0.6131300000000001 0.5320625 0.60348 0.5249475 0.60033 0.525145 0.60522 0.523965 0.6054833328125 0.5231775 0.5990166671875 0.50794 0.5917666671874999 0.50575 0.6203833328125 0.5036349999999999 0.6214666671875 0.5059475 0.59531 0.5046925 0.59531 0.5042975000000001 0.5793933328125 0.49563499999999994 0.58192 0.49563499999999994 0.6136866671875 0.494255 0.6145400000000001 0.4937875 0.5751266671875 0.49058999999999997 0.5733866671875 0.49211499999999997 0.5884166671875 0.4903425 0.5892066671875 0.4887925 0.5727633328125 0.48394250000000005 0.5706966671875 0.47633749999999997 0.5721066671874999 0.4766825 0.58018 0.474665 0.5798866671875 0.4734825 0.6007566671875 0.4713425 0.6007566671875 0.4738525 0.57562 0.4731375 0.56676 0.46380999999999994 0.5687599999999999 0.46390750000000003 0.59577 0.4620375 0.59672 0.46233250000000004 0.5693833328125 0.4453975 0.5716366671875 0.41104 0.5776633328125 0.34517905781249997 0.5887042703125 0.3452 0.5886466671874999 0.22899250000000002 0.6091300000000001 0.22969 0.6185433328125 0.2305025 0.62209 0.22969 0.6321966671875 0.22961749999999997 0.64119 0.2343925 0.64073 0.2359425 0.6452899999999999 0.235425 0.6491633328125 0.234565 0.6534933328125 0.234565 0.6569066671875 0.234565 0.66055 0.2352525 0.6626166671875 0.2355975 0.6705933328125 0.2346625 0.6777466671875 0.23638499999999998 0.6793866671875 0.23712499999999997 0.6823400000000001 0.2368775 0.68825 0.2354 0.6912033328125 0.2312175 0.6921866671875 0.23235 0.7219533328125001 0.230945 0.7238233328125 0.22563 0.7271366671874999 0.2274025 0.7748533328125 0.22440000000000002 0.78401 0.22745 0.8112466671874999 0.21928 0.8119033328124999 0.21775250000000002 0.8030766671875 0.21723750000000003 0.7942166671875001 0.21315 0.7914933328125 0.20244499999999999 0.7894566671875001 0.034042499999999996 0.85552 0.0305475 0.8629033328125001 0.029267500000000002 0.88663 0.0244425 0.8897466671875 0.021734999999999997 0.8621800000000001 0 0.9037333328124999 0 1 1 1 1 0.6672333328125
1 0.6273774999999999 0.5474133328125 0.6280224999999999 0.54598 0.6286674999999999 0.5441166671875 0.629205 0.54254 0.6296350000000001 0.5413933328125 0.63071 0.5398166671875 0.6316775 0.5402466671874999 0.6321075 0.5409633328125001 0.632215 0.5426833328125 0.6318925 0.5444033328125 0.6312475 0.5466966671875 0.63157 0.5487033328125 0.631785 0.5505666671875 0.633505 0.5568733328125 0.6353325 0.56318 0.6407075 0.5712066671875 0.64232 0.5750733328125001 0.64318 0.5798033328125001 0.6428575000000001 0.5849633328125 0.6394175 0.5944233328124999 0.6338275 0.6090433328125 0.6288825 0.62352 0.62297 0.6374233328125001 0.62254 0.69762 0.6495225 0.6864399999999999 0.6540375 0.44393000000000005 0.6512425000000001 0.4419233328125 0.6540375 0.4437866671875 0.65823 0.25817999999999997 0.630115 0.25335 0.6249399999999999 0.5494333328125001 0.6273774999999999 0.5474133328125
1 0.74546 0.50301 0.73078 0.5024766671875 0.7305675 0.5131466671875 0.7453624999999999 0.5046966671875001 0.74546 0.50301
1 0 0.70597 0.014132500000000001 0.68874 0.008584999999999999 0.6511466671874999 0.060814999999999994 0.59753 0.09086 0.5636366671874999 0.094095 0.55809 0.09640499999999999 0.5574733328125 0.09918 0.5568566671874999 0.10149 0.5562400000000001 0.10334000000000002 0.5556233328125 0.10518749999999999 0.5550066671875 0.1075 0.55316 0.1084225 0.5525433328125 0.1131 0.5498000000000001 0.0964875 0.28539 0 0.21292333281250003 0 0.30023333281250003 0.083925 0.35225 0.09640499999999999 0.5186466671875001 0.020139999999999998 0.5741133328125 0 0.3533066671875 0 0.70597
1 0.41104 0.5776633328125 0.4102775 0.5658966671875 0.22659500000000002 0.5969166671874999 0.22635999999999998 0.6006666671875001 0.22775249999999997 0.6056199999999999 0.22899250000000002 0.6091300000000001 0.41104 0.5776633328125
1 0.21658 0.5722633328125 0.2188925 0.5712366671875 0.2219725 0.5681566671875 0.22235749999999999 0.5676433328125 0.223515 0.5676433328125 0.225055 0.57021 0.22467 0.5738033328125 0.22428499999999998 0.5753466671874999 0.22467 0.5774 0.22428499999999998 0.5794533328125 0.22428499999999998 0.5809933328125 0.22467 0.5835633328125 0.225055 0.58613 0.22659500000000002 0.5969166671874999 0.4101219109375 0.5659229421874999 0.41071 0.5660999999999999 0.4066375 0.3755266671875 0.360205 0.3739633328125 0.3605175 0.36063 0.360285 0.32455 0.23365 0.31422 0.235685 0.35212666718749996 0.23456749999999998 0.35903999999999997 0.23456749999999998 0.3607866671875 0.358465 0.36723 0.3601275 0.3610233328125 0.3601275 0.37391 0.17311 0.3655866671875 0.18549500000000002 0.5679066671874999 0.20117500000000002 0.5660999999999999 0.21157499999999999 0.5655866671875 0.21427000000000002 0.5671266671875 0.216195 0.5707233328125 0.21658 0.5722633328125
1 0.3629475 0.55172 0.3625625 0.54145 0.2520175 0.5563433328125 0.25163250000000004 0.5306633328125 0.3621775 0.5193666671875 0.35948 0.43873666718750004 0.24624000000000001 0.4418166671875 0.25124749999999996 0.5306633328125 0.2520175 0.5568566671874999 0.2520175 0.5671266671875 0.3629475 0.55172
1 0.5989575 0.48536 0.6001299999999999 0.3986433328125 0.5933425 0.3976233328125 0.59336 0.3635 0.6005425 0.36251 0.600875 0.3395766671875 0.5503525 0.3362633328125 0.550745 0.36251 0.5519974999999999 0.36389333281249997 0.55227 0.3691633328125 0.55274 0.3704133328125 0.5536800000000001 0.3708066671875 0.55415 0.37179666718750004 0.5540700000000001 0.3738333328125 0.5544425000000001 0.37521333281249997 0.5563225 0.37683333281250003 0.5578475 0.3784766671875 0.5600975 0.38098 0.5617025 0.3823633328125 0.561605 0.38338 0.5614275 0.38552 0.560665 0.38753000000000004 0.559825 0.3895366671875 0.5589625 0.39282333281250004 0.54425 0.3929533328125 0.5401975 0.3918066671875 0.5384775 0.38742333281249997 0.53834 0.38604 0.53793 0.38411 0.5378700000000001 0.38256999999999997 0.5391625 0.3802233328125 0.5418624999999999 0.3774833328125 0.5431725000000001 0.3767533328125 0.543995 0.3760233328125 0.5452475 0.3744833328125 0.54509 0.3741966671875 0.5450325 0.3694766671875 0.5476525 0.3687966671875 0.547595 0.3675966671875 0.5470475 0.3660066671875 0.5472425000000001 0.36444 0.5476525 0.3633966671875 0.5481425 0.36297999999999997 0.5492775 0.3615166671875 0.54918 0.33610666718750004 0.516405 0.3320366671875 0.51662 0.3596666671875 0.5178725 0.3621966671875 0.51803 0.3662933328125 0.520005 0.3665 0.520085 0.36806666718750003 0.520085 0.3714333328125 0.52032 0.3722666671875 0.52165 0.37351999999999996 0.5251125 0.37592 0.52574 0.37699 0.526365 0.3790766671875 0.5266 0.38106 0.5265225 0.38178999999999996 0.525895 0.38265 0.5248 0.3840066671875 0.5246425 0.38483999999999996 0.52433 0.3873466671875 0.50813 0.38831000000000004 0.506095 0.38609333281249997 0.5052925 0.3840066671875 0.5052925 0.38158 0.506095 0.3781366671875 0.5061725 0.37688333281249997 0.5079724999999999 0.3760233328125 0.510965 0.37404000000000004 0.51173 0.37237 0.5120025 0.3718766671875 0.5124325 0.36911 0.512375 0.3679366671875 0.51265 0.36765 0.5133525 0.3672066671875 0.51396 0.36684 0.514175 0.36574333281250004 0.514175 0.3648066671875 0.5140175 0.36371000000000003 0.513745 0.3626933328125 0.513745 0.36191 0.514175 0.36131 0.51533 0.3599266671875 0.51535 0.33209 0.48946249999999997 0.3288033328125 0.49001 0.3727366671875 0.4903425 0.3731 0.4910875 0.37349333281249997 0.49093 0.3774333328125 0.49151749999999994 0.3780833328125 0.49282750000000003 0.37931 0.49304249999999994 0.3804066671875 0.4931025 0.3821533328125 0.4934925 0.3842666671875 0.49480500000000005 0.3853633328125 0.49578249999999996 0.3860166671875 0.49730749999999996 0.38719000000000003 0.498405 0.3890666671875 0.4987375 0.3897966671875 0.4989525 0.3917033328125 0.498405 0.39321666718750004 0.497525 0.3947566671875 0.49697500000000006 0.39642333281250003 0.495235 0.3972333328125 0.494255 0.3969466671875 0.49044 0.39642333281250003 0.48693749999999997 0.3965033328125 0.484805 0.3969466671875 0.482125 0.3976 0.48148 0.39642333281250003 0.4805975 0.3944666671875 0.4801675 0.3932933328125 0.479835 0.3899533328125 0.4805 0.38792 0.48294750000000003 0.38604 0.48447250000000003 0.3847366671875 0.484865 0.38437333281249997 0.485745 0.38384999999999997 0.48623500000000003 0.38226 0.48617499999999997 0.38137 0.48639 0.37978 0.48660500000000007 0.37889333281250004 0.48785749999999994 0.37832 0.48764250000000003 0.37511 0.4877025 0.3739633328125 0.48776 0.3729433328125 0.4883075 0.3724233328125 0.4885225 0.37185 0.48821000000000003 0.32875 0.44581 0.32470666718749996 0.2502225 0.30266000000000004 0.0964875 0.28539 0.1131 0.5498000000000001 0.114645 0.5488866671875 0.11934 0.5488866671875 0.1248 0.5499833328125 0.1284975 0.5504800000000001 0.1311 0.5571566671875 0.1327825 0.5643333328125 0.13481749999999998 0.56608 0.13593249999999998 0.5707766671875001 0.1357575 0.5757333328125 0.18549500000000002 0.5679066671874999 0.17311 0.3655866671875 0.3601275 0.37391 0.3601275 0.3610233328125 0.358465 0.36723 0.23456749999999998 0.3607866671875 0.23456749999999998 0.35903999999999997 0.235685 0.35212666718749996 0.23365 0.31422 0.360285 0.32455 0.3605175 0.36063 0.360205 0.3739633328125 0.4066375 0.3755266671875 0.4102775 0.5658966671875 0.41104 0.5776633328125 0.4453975 0.5716366671875 0.449215 0.51878 0.4497025 0.5167200000000001 0.4506025 0.5149466671875 0.450485 0.51471 0.44984 0.5142666671875 0.4488825 0.51265 0.44872500000000004 0.5022133328125 0.44627999999999995 0.48556999999999995 0.44868499999999994 0.4855166671875 0.45246250000000005 0.4864833328125 0.45764750000000004 0.48765666718749995 0.4580775 0.4826466671875 0.473555 0.48181333281249994 0.4831131375 0.4678009046875 0.4737125 0.4819966671875 0.48825 0.4810833328125 0.5285575 0.48536 0.5282425 0.39285000000000003 0.5829125000000001 0.3950166671875 0.5822475 0.4803 0.5871375 0.48048333281250005 0.5924425 0.48536 0.5989575 0.48536