0 0.53525259375 0.6196665984374999 0.5363544515625 0.6219615468749999 0.537043965625 0.623542646875 0.5379014203125 0.6258375953125 0.5385144734375 0.6281550421875 0.5408560890625 0.6346001234374999 0.541055434375 0.63808754375 0.5414227203124999 0.6402209046875 0.5422351171875001 0.6430660671874999 0.5435213 0.6467600734375 0.5455584375 0.6519206375000001 0.5466452765625001 0.6590775203125 0.547089021875 0.659216609375 0.5492941015625 0.6601329515625001 0.5505352265625 0.6624054 0.5518678312499999 0.6671773375 0.5530161109375 0.671947228125 0.56782359375 0.6730272046875 0.5714527578124999 0.6743342203125 0.5725245765625 0.677660053125 0.5725245765625 0.6803211296875 0.5725245765625 0.6817897328125 0.5768596390625 0.687891184375 0.5775518843749999 0.687891184375 0.5754505734375 0.6800470437499999 0.5750832875 0.6723604015625 0.577655653125 0.671947228125 0.582617421875 0.6679791374999999 0.5794320046875 0.6509797500000001 0.5571204265625 0.6511413375 0.5577321140625 0.657105746875 0.5502280171875 0.6557291875 0.5497692515625 0.6502229500000001 0.5480843796875 0.6488463906249999 0.541500546875 0.61764778125 0.541346259375 0.6045714875 0.536753140625 0.6061771328125001 0.5362015296875 0.6088607078125 0.5358956859374999 0.6144364906249999 0.53525259375 0.6196665984374999
1 0.531239759375 0.3038024140625 0.512741671875 0.3122438125 0.5132250140625 0.47728574375 0.5320671765625 0.4769646140625 0.531239759375 0.3038024140625
1 0.2665742765625 0.5260359984375 0.276206990625 0.5255614640624999 0.2762493171875 0.3966946203125 0.27095712656250004 0.399486603125 0.2717640640625 0.46800981718749995 0.266785909375 0.46895275156249994 0.2665742765625 0.5260359984375
1 0.27095712656250004 0.399486603125 0.07736346250000001 0.37183268593749996 0.0778672859375 0.45762528125 0.2717640640625 0.46800981718749995 0.27095712656250004 0.399486603125
1 0.07736346250000001 0.37183268593749996 0.0739677765625 0.355712825 0.0651406328125 0.324260584375 0.06412479531250001 0.44375332343749996 0.0778672859375 0.45762528125 0.07736346250000001 0.37183268593749996
1 0.406245221875 0.5200286359375 0.4080830140625 0.5198445484375 0.410105134375 0.5198445484375 0.41163571875000005 0.5198445484375 0.41377935624999995 0.5198445484375 0.4150655375 0.5200286359375 0.41696477343750005 0.5196625078125 0.414882578125 0.33210063437500004 0.41402512343750003 0.33292697968749996 0.4114513921875 0.3335692375 0.41047241874999996 0.334029453125 0.409797925 0.3346717125 0.40949208125 0.33650644375 0.40857318437499995 0.339075475 0.3873689234375 0.3324688078125 0.3884407421875 0.5396972796874999 0.40244811562500005 0.54205154375 0.406245221875 0.5200286359375
1 0.31721600156249996 0.5208733890625 0.32712315625 0.5208733890625 0.3281895140625 0.52338515 0.3533383390625 0.522470853125 0.3533219546875 0.40817140468749996 0.3403181328125 0.4047985265625 0.2762493171875 0.3966946203125 0.2762151828125 0.4900490890625 0.31706307968749997 0.4898200046875 0.31721600156249996 0.5208733890625
1 0.3533219546875 0.40817140468749996 0.3532714359375 0.5344978515625 0.3884407421875 0.5396972796874999 0.3873689234375 0.3324688078125 0.37430229375 0.3398097765625 0.3799167125 0.34202699999999997 0.379814309375 0.3700899984375 0.3562834515625 0.3827838 0.3519948109375 0.3817140515625 0.34689104375 0.3775843734375 0.34423675625 0.373685825 0.3430379578125 0.364475353125 0.339300928125 0.3654264671875 0.3403181328125 0.4047985265625 0.3533219546875 0.40817140468749996
1 0.2762493171875 0.3966946203125 0.3403181328125 0.4047985265625 0.339300928125 0.3654264671875 0.3430379578125 0.364475353125 0.3432700703125 0.35570668906249997 0.3333738390625 0.352710165625 0.333416165625 0.36639394531249997 0.331934734375 0.368422990625 0.3309079734375 0.369564328125 0.32968050312499997 0.3705952140625 0.3285267609375 0.371229290625 0.32639814375 0.372879934375 0.3265251234375 0.3858028234375 0.32416575625 0.3894497859375 0.32175177499999996 0.39054407812499997 0.314862096875 0.39151155625 0.305694975 0.39013090625 0.29685690937500003 0.38911638437499996 0.2900928453125 0.38711802031250003 0.28653741093749996 0.38518306406249997 0.2859762421875 0.38423195 0.28551065000000003 0.3833442421875 0.2844948109375 0.38085498125 0.2839855265625 0.3670443859375 0.2804505734375 0.3645080796875 0.2781007640625 0.36241358125 0.2761114140625 0.35965432656249996 0.2763339703125 0.351726325 0.0777334796875 0.309040703125 0.07736346250000001 0.37183268593749996 0.27095712656250004 0.399486603125 0.2762493171875 0.3966946203125
0 0.6960144734375 0.6573348328125 0.608267340625 0.6577930046875 0.6326160562500001 0.6729351609374999 0.6675300375 0.6738515031250001 0.6960144734375 0.6573348328125
1 0.370801475 0.5552157906249999 0.3700914796875 0.5556126 0.36982659687499997 0.55866639375 0.36982659687499997 0.5593311515625 0.3709776078125 0.5597300062499999 0.3725737296875 0.5598609125 0.3725737296875 0.5634465125 0.371687603125 0.56464103125 0.37124385625 0.56464103125 0.37053522656250004 0.5653057890625 0.3701802296875 0.5678277765625 0.3709776078125 0.5692881984375 0.3726624796875 0.5694211499999999 0.37292736249999997 0.5706156671875 0.37292736249999997 0.57260585 0.3726624796875 0.574066271875 0.370801475 0.574731028125 0.37053522656250004 0.5751298828125 0.3708888578125 0.5785804875 0.37133260468749996 0.578979340625 0.37239623125 0.5791122921875 0.373724740625 0.57738596875 0.37443473437499997 0.5761914499999999 0.375054615625 0.5751298828125 0.376295740625 0.574332175 0.3794852546875 0.5735365109375 0.3818787546875 0.5730047046875 0.384270890625 0.5724728984375 0.386753140625 0.5724728984375 0.3880666296875 0.573612190625 0.388436646875 0.5499386375 0.37478836718749997 0.5503027203124999 0.3746996171875 0.5530906109375 0.3726624796875 0.5545510328125001 0.370801475 0.5552157906249999
0 1 0.862131315625 0.79874385625 0.7107895281250001 0.792311578125 0.708345265625 0.7815032765625001 0.7051728374999999 0.7815032765625001 0.6953241968749999 0.7664896234375 0.6902106765625 0.76702758125 0.6870402953125 0.758335609375 0.685856003125 0.7553959578125 0.6756760078124999 0.750087384375 0.6748721625 0.7480639 0.672929025 0.7473375203125 0.6701840875 0.74496723125 0.667721415625 0.742943746875 0.667721415625 0.7403836703125 0.666348946875 0.739119334375 0.6641705875 0.738739759375 0.6611413374999999 0.7385513375 0.6609040703125 0.7365592578125 0.6606197593750001 0.733620971875 0.6581570875 0.7310608953125 0.654321946875 0.7294169859374999 0.65077111875 0.7263189515625 0.6469359781249999 0.7244866187500001 0.6469359781249999 0.72154696875 0.6463694 0.7162370296875 0.64333810625 0.7155106499999999 0.641159746875 0.7114964500000001 0.6370402953125 0.7047323859375 0.6378932296875 0.7023620968750001 0.6378932296875 0.7153208625 0.6469359781249999 0.714340525 0.6570689296875 0.67198935 0.677807321875 0.67243173125 0.6810738390625 0.709505734375 0.722501534375 0.712160021875 0.7248230718750001 0.714561715625 0.7248230718750001 0.714561715625 0.73239721875 0.59389268125 0.7329187968750001 0.5775518843749999 0.687891184375 0.5775518843749999 0.6994436484375 0.5792271984374999 0.9164818984374999 0.575782359375 0.9200327265625001 0.5721163296875 0.918422990625 0.5723689234375 0.9354203312499999 0.552362096875 0.936604621875 0.552362096875 0.920413171875 0.33905652656249996 0.9247208015625 0.3384243578125 0.9433749234375 0.31677498593750003 0.9433749234375 0.31743855781249997 0.9257148703125001 0.3141507375 0.9257148703125001 0.30760922968750004 0.9149192062499999 0.308145821875 0.7040376359375 0.308588203125 0.6968398453125 0.310801475 0.692200859375 0.3132031671875 0.6899284109375 0.3182605140625 0.6856657796875 0.3541957953125 0.6465105343750001 0.2728113046875 0.668384128125 0.2718951390625 0.6679586828125 0.272210540625 0.66180405 0.276919715625 0.6600511359375 0.271515565625 0.6563121296875 0.262666575 0.6588198000000001 0.2622228296875 0.6524279 0.26525805625 0.6514808750000001 0.2654150734375 0.6474105140625 0.2625081921875 0.6471732453125 0.2625081921875 0.6410186125 0.2658574546875 0.6400715890625001 0.2657004375 0.6361894046875001 0.26234980937499996 0.6361894046875001 0.2620658109375 0.630697484375 0.2658574546875 0.6300327265625 0.2655734578125 0.6254878296874999 0.2620658109375 0.625678053125 0.2625081921875 0.619995909375 0.2663326046875 0.6190959296874999 0.2657004375 0.61474125625 0.261907428125 0.61474125625 0.26174904374999997 0.6099590921875 0.265099671875 0.6074493765625 0.2509093390625 0.6107629375 0.2502444015625 0.6119001843749999 0.244746040625 0.6123256296874999 0.24531403593749998 0.6132256078125 0.246578371875 0.614645121875 0.24724194375000003 0.616635303125 0.2526788640625 0.6752505625 0.25075095625 0.6763387203125 0.24575641718750002 0.6160666796875 0.24449344687500002 0.6152137453125001 0.24332332031249998 0.6556964609375 0.24183779374999997 0.6559316828124999 0.2437028953125 0.6150726125 0.238234571875 0.6158764578125 0.24089022343750002 0.6612354265625 0.23927771718750002 0.6618981390625 0.2368446203125 0.6159725921875 0.2341261609375 0.6162548578125 0.2334625890625 0.617250971875 0.23311441875 0.6175823281249999 0.23008055781249998 0.6450910203125 0.22906881562499998 0.6449948859375 0.23150327656249997 0.6177705046875 0.23052293906250002 0.6176764171875 0.23046013125 0.61644508125 0.2248020203125 0.6170137046875 0.22230611718749999 0.61710779375 0.215921628125 0.619333196875 0.21095985781249998 0.6220801796875 0.210832878125 0.6235467375 0.20877799062500002 0.6237369609375001 0.2071668484375 0.6246839843750001 0.20432277499999998 0.6253937406250001 0.20248907656249998 0.625346696875 0.20094074218750002 0.6251564734375 0.1993282359375 0.6248251171875 0.198570453125 0.624968296875 0.19724194374999998 0.6273348328125 0.1865920265625 0.6937635515625 0.18475832812499998 0.693620371875 0.1964527578125 0.6245878499999999 0.1978741125 0.6229781140624999 0.199265428125 0.6228840250000001 0.201698525 0.62359378125 0.20359502968749998 0.6237369609375001 0.20482796250000002 0.62349969375 0.20549153437499998 0.6230272046875001 0.20681867812500002 0.6219840453125001 0.2073566359375 0.6212742890625 0.20741944218750002 0.6206115765625 0.20353222343750002 0.6208488437499999 0.2012875484375 0.6205174875 0.198570453125 0.6195234203125 0.1928181328125 0.616492125 0.1915537953125 0.6163980359375001 0.1908588203125 0.6165862140625 0.19057345781249999 0.61748619375 0.1897515015625 0.6212742890625 0.1790060078125 0.6773327874999999 0.17761605625000002 0.6771446109375 0.18892954687500002 0.61720188125 0.19201802343750002 0.6112129265624999 0.17744948124999999 0.6134424218750001 0.108113053125 0.62363878125 0.1085158390625 0.66327674375 0.0975928453125 0.665369196875 0.0975928453125 0.682493353125 0.09790688125 0.69816526875 0.05903195 0.7100020453125 0.05776761406249999 0.7232603796875 0.063772528125 0.73746369375 0 0.7614315031250001 0 1 1 1 1 0.862131315625
0 0.698704259375 0.7250132953125 0.628795740625 0.6803845359375 0.5884202625 0.6799161375 0.5944060624999999 0.72369400625 0.6415974875 0.7230251578125 0.698704259375 0.7250132953125
0 0.6427075375 0.6800061359375 0.698006553125 0.7149417062500001 0.6668473515625 0.6795275109375 0.6427075375 0.6800061359375
0 0.5891247953125001 0.6724994890625 0.6183738390625 0.6731867453125 0.602753959375 0.6635528734375 0.5891247953125001 0.6724994890625
0 0.5797146375 0.679995909375 0.588656471875 0.7041296781249999 0.5845002734375 0.6805256703125 0.5797146375 0.679995909375
1 0.9607850906250001 0 0.8012657015625001 0.173364696875 0.8024221734375001 0.69289834375 0.7997405796875 0.6955676000000001 0.79874385625 0.7107895281250001 1 0.862131315625 1 0.75178155 0.9568399640624999 0.7441313843749999 1 0.7515892828124999 1 0.6070730203125 0.8212711640625001 0.5648455718750001 0.8168787546875 0.5608018 0.8162342984375 0.3084986703125 1 0.266488034375 1 0 0.9607850906250001 0
1 0.3961168765625 0.5663121296875 0.398110321875 0.567529146875 0.3987015296875 0.5691879734375 0.40025259375 0.5683023109375 0.4019511203125 0.5481673140625001 0.388436646875 0.5499386375 0.3880666296875 0.573612190625 0.3913162203125 0.573612190625 0.3949344625 0.5667539374999999 0.3961168765625 0.5663121296875
1 0.3532714359375 0.5344978515625 0.3533383390625 0.522470853125 0.3281895140625 0.52338515 0.32964636875000003 0.544166496875 0.3532782625 0.5417692781250001 0.3532714359375 0.5344978515625
1 0.3028468046875 0.5268316625 0.26686783125 0.5285579874999999 0.2691712171875 0.54926774375 0.3028468046875 0.5462139500000001 0.3028468046875 0.5268316625
1 0.1976966140625 0.6000102265625 0.2017299296875 0.6030312953125 0.2032099953125 0.6033176515625 0.2043077546875 0.6033176515625 0.2098197703125 0.602209040625 0.2166220640625 0.6002781749999999 0.2234243578125 0.5986336671875 0.23058301406249998 0.5956126 0.2329696890625 0.5953262421875001 0.23554751562499998 0.593395378125 0.2351774984375 0.593395378125 0.23425860156249997 0.58899775 0.2369770609375 0.56519738125 0.2183451671875 0.566727346875 0.2058383390625 0.5573593781249999 0.20277580624999997 0.5550644296875 0.238125340625 0.55143383125 0.238125340625 0.5313601968749999 0.18759011406249998 0.53365514375 0.191444565625 0.5507261203125 0.19677771718749998 0.5967028015625 0.1976966140625 0.6000102265625
1 0.187445384375 0.5866782578125 0.18255325 0.5409572515625001 0.181702621875 0.5334690125 0.11013380625 0.5377705046875 0.1075805578125 0.544143996875 0.10885718124999999 0.5460544078125 0.1099208078125 0.547328696875 0.10896368125 0.5489220703125001 0.10742353906249999 0.5504418078125 0.108113053125 0.62363878125 0.17744948124999999 0.6134424218750001 0.19201802343750002 0.6112129265624999 0.1886155109375 0.6019717734375 0.187445384375 0.5866782578125
1 0.0975928453125 0.665369196875 0.1085158390625 0.66327674375 0.10742353906249999 0.5504418078125 0.0540770078125 0.5545898953124999 0.05297241875000001 0.692331765625 0.0975928453125 0.682493353125 0.0975928453125 0.665369196875
1 0.598214090625 0.44986909375 0.600051884375 0.4018592765625 0.6010813765624999 0.31475761874999997 0.6007878203125 0.31475761874999997 0.5993173125 0.316741665625 0.5990237578125 0.318723665625 0.5988025671874999 0.3200449984375 0.59358956875 0.31744324062499996 0.59461086875 0.5229494781249999 0.5982878203124999 0.52298425 0.598214090625 0.44986909375
1 0.5681526484375 0.530597259375 0.5709598578125 0.5298322765625 0.5744060625 0.528684803125 0.576787275 0.5279198203125001 0.580615784375 0.5269646140625001 0.5844442921875 0.52619963125 0.589505734375 0.5256269171875 0.59461086875 0.5229494781249999 0.59358956875 0.31744324062499996 0.568194975 0.3268091640625 0.5677266515625 0.32489875156250003 0.5672173671875 0.32324197187500003 0.5647924625 0.321521784375 0.5630051890625001 0.3207568015625 0.561601584375 0.3203109015625 0.5610486078125 0.318971159375 0.560666303125 0.31744324062499996 0.5610486078125 0.53097975 0.5647501359375 0.5313622421875001 0.5681526484375 0.530597259375
1 0.5320193890625 0.514911025 0.531957946875 0.5723767640624999 0.5326761328125 0.574375128125 0.5331021296875 0.5750767031249999 0.5331021296875 0.57692370625 0.533059803125 0.579472284375 0.5331867828125 0.582339946875 0.5332714359375 0.5846983015625 0.5333574546875 0.58680098125 0.5332714359375 0.590879525 0.53339978125 0.5989077515625 0.53339978125 0.5992268359375 0.5357386671875 0.6007568015625 0.5363353359375 0.6019022296875 0.5411414531250001 0.6026038046875 0.5410991265625 0.557807321875 0.5412684328124999 0.55576805 0.54148143125 0.553982409375 0.54148143125 0.5524544890625 0.54352403125 0.551114746875 0.5445016390624999 0.5514972390625 0.5576037687500001 0.5514972390625 0.5576037687500001 0.5498404578125 0.556411796875 0.5394538765625 0.5551788640625 0.5362691749999999 0.555221190625 0.5351217015625 0.5551788640625 0.5339742281250001 0.5550081921875 0.532127225 0.5552635171875 0.5314890578125 0.5556895140625 0.53097975 0.5562848171875 0.5305338515625 0.55734844375 0.5301513609375 0.5590073734375001 0.5304683984375 0.5610486078125 0.53097975 0.560666303125 0.31744324062499996 0.531239759375 0.3038024140625 0.532293828125 0.4760503171875 0.5320671765625 0.4769646140625 0.5320193890625 0.514911025
1 0.516583834375 0.5483943546875001 0.5193528125 0.5475741453125 0.5211346265625 0.546741665625 0.5222023484375 0.5460421359375001 0.52266930625 0.5460421359375001 0.522837246875 0.5460421359375001 0.5232605140625 0.5460421359375001 0.525817859375 0.5476395984375 0.5261537406250001 0.5486582125 0.5265770078124999 0.5504418078125 0.5256417265625 0.5571937 0.5231198796875 0.5643812640625 0.522854996875 0.5650296578125 0.5228454390625 0.5654919203125 0.52301338125 0.56620576875 0.52297788125 0.566827571875 0.52294238125 0.5675925546875 0.522872746875 0.5682532218749999 0.52272255625 0.568901615625 0.522925996875 0.569402740625 0.522925996875 0.5704070359375 0.52297788125 0.5710411125 0.5230843796875 0.5716363265625 0.5238694703125 0.5716363265625 0.5245480609375 0.5716363265625 0.5267094484375 0.5714788296875 0.5280761875 0.5714522390625 0.529197159375 0.5716363265625 0.5305379578125 0.5719410921875 0.531957946875 0.5723767640624999 0.5320193890625 0.514911025 0.5133192249999999 0.5151748828125 0.513522665625 0.5496093265625001 0.5152252875000001 0.5487768453124999 0.516583834375 0.5483943546875001