1 0.5894874999999999 0.481529809375 0.5976975 0.48115485625 0.6020525 0.3898125234375 0.5715075 0.3786164234375 0.5718825 0.41845894218749996 0.5893625 0.4222834640625 0.5894874999999999 0.481529809375
1 0.7377475 0.37734533125 0.740165 0.380194975 0.7400375 0.37008623906250004 0.691545 0.377221596875 0.6913750000000001 0.3840644921875 0.6917275 0.3840607421875 0.7377475 0.37734533125
1 0.2384675 0.35179977500000004 0.23651499999999998 0.3526134234375 0.2346175 0.353997 0.23364250000000003 0.3548106484375 0.2332625 0.354728159375 0.2325025 0.3544844390625 0.2321225 0.353427071875 0.2310925 0.352125984375 0.2299525 0.35179977500000004 0.22675499999999998 0.3493625796875 0.14942 0.331222346875 0.14985500000000002 0.3481402328125 0.2638475 0.3696962875 0.2653125 0.48991001093750003 0.266235 0.5696175484375 0.28163499999999997 0.56774653125 0.2794125 0.36058492656249996 0.2384675 0.35179977500000004
1 0.2794125 0.36058492656249996 0.28163499999999997 0.56774653125 0.2866725 0.5683952 0.28442500000000004 0.385823021875 0.3543325 0.36530558750000003 0.3554575 0.48884514375 0.355645 0.58554555625 0.3697025 0.5894788156249999 0.368015 0.32665166874999996 0.2794125 0.36058492656249996
1 0.349865 0.403877015625 0.3391925 0.402024746875 0.340155 0.4995388078125 0.35101 0.4993063359375 0.349865 0.403877015625
1 0.438485 0.574019496875 0.43914 0.5586989124999999 0.4388598953125 0.5585695015625001 0.4387675 0.44415073125 0.43820499999999996 0.3491413578125 0.368015 0.32665166874999996 0.3697025 0.5894788156249999 0.438485 0.574019496875
1 0.9389725 0.6631833515625 0.9441225 0.665425571875 0.9458399999999999 0.6014960625 0.9492725 0.5036407953125 0.950915 0.45348331406250003 0.9560675 0.2194863140625 0.9556175 0.21926134218749999 0.9546474999999999 0.2181402328125 0.9537525 0.2162392203125 0.9533799999999999 0.21523059687499999 0.9536025 0.21287964062500003 0.9537525 0.21187101562500002 0.954125 0.2104161984375 0.9547975 0.20974503125 0.9556175 0.20862392187499998 0.9562900000000001 0.20851518593749999 0.95644 0.20795275625 0.9555425 0.2038095234375 0.9562900000000001 0.199670040625 0.43820499999999996 0.3491413578125 0.4387675 0.44415073125 0.43914 0.5586989124999999 0.438485 0.574019496875 0.48786500000000005 0.582125984375 0.48682 0.36335583125 0.5358625 0.35204724375 0.536012253125 0.490311740625 0.5359375 0.49031871093749996 0.5357149999999999 0.5913048375 0.6532125 0.6124671921875 0.6588849999999999 0.5924259468749999 0.6532125 0.612579678125 0.8049 0.64034495625 0.807215 0.2885639296875 0.9441974999999999 0.256880390625 0.9389725 0.6631833515625
1 0.55684 0.4888638921875 0.5569149999999999 0.4888638921875 0.5616175 0.48684664375000003 0.5660974999999999 0.4869591296875 0.5663199999999999 0.4886389203125 0.567515 0.4890851140625 0.56759 0.4897562796875 0.56744 0.48998125156250005 0.56744 0.4905399328125 0.5678875 0.49121484843749996 0.5681875 0.49692163437500003 0.5948375 0.4972590921875 0.5948375 0.499722534375 0.5948375 0.500281215625 0.5949125000000001 0.50274465625 0.595285 0.503978253125 0.5959575 0.5052080984375 0.5959575 0.50554555625 0.5958075 0.507671540625 0.5968525 0.5077840265625 0.5977475 0.509797525 0.5978225 0.510022496875 0.5980475000000001 0.5109186359375 0.5984200000000001 0.5122609671875 0.5987175 0.5158455187500001 0.598645 0.5162917140625 0.598495 0.516629171875 0.5982700000000001 0.5193138359375 0.5990925 0.519876265625 0.59939 0.520322459375 0.599615 0.5208848890625 0.599615 0.5213310843750001 0.599615 0.521777278125 0.5997625 0.5222272218749999 0.5999125000000001 0.5228983875 0.602675 0.5234570671875 0.6031975 0.5214435703125 0.603645 0.5206599171875 0.6042425 0.49770903593750004 0.6893425 0.4996100484375 0.6893425 0.5031945999999999 0.6897175 0.5062167234375 0.689865 0.5066629171875 0.690015 0.507225346875 0.69009 0.5078965125 0.690165 0.5085676796875 0.690165 0.5106936640625 0.6907625000000001 0.5118147734375 0.6914325 0.5137157859375 0.6917325 0.5157330328125 0.6917325 0.5167416578124999 0.691955 0.5186426703125 0.692105 0.5194263218749999 0.692105 0.520772403125 0.6918825 0.52155605625 0.6917325 0.5228983875 0.6916575 0.524128234375 0.69233 0.5250243718750001 0.6927025 0.526370453125 0.693 0.5270416203125 0.693225 0.5279377578125 0.693225 0.5282714656249999 0.6933 0.5284964375000001 0.694345 0.5286089234375 0.6956875 0.5286089234375 0.6958375 0.5286089234375 0.69666 0.52805024375 0.697705 0.5260329953125 0.6980775 0.49905136875 0.7459275 0.5000599921875 0.7454799999999999 0.498380203125 0.7451075 0.495579303125 0.7450325 0.49311586093750004 0.7458525 0.4916610421875 0.746225 0.49043119687500003 0.7470475000000001 0.48875140625 0.74742 0.48796775468750003 0.7477199999999999 0.4827034125 0.7482425 0.48248218906250007 0.74966 0.300881140625 0.5672900000000001 0.344323209375 0.56647 0.48315335625 0.5616925 0.4827034125 0.5616925 0.4867341578125 0.55684 0.4888638921875
1 0.4920675 0.3648631421875 0.48682 0.36335583125 0.48786500000000005 0.582125984375 0.49275250000000004 0.5806186734375001 0.4920675 0.3648631421875
1 0.5893625 0.4222834640625 0.5849325000000001 0.4230333703125 0.5846750000000001 0.48270716093750005 0.5894874999999999 0.481529809375 0.5893625 0.4222834640625
1 0.603255 0.4238095234375 0.6411800000000001 0.42052118437499997 0.6410525 0.482429696875 0.650985 0.48223847031249994 0.650985 0.4675328078125 0.64634 0.46772778437499996 0.6462125000000001 0.4363854515625 0.6451800000000001 0.43599924999999995 0.6449225000000001 0.43541807343750005 0.6445350000000001 0.433869515625 0.644405 0.4340644921875 0.6433725 0.4342594671875 0.6422125000000001 0.4342594671875 0.6420825 0.43271091093749997 0.6423425 0.432129734375 0.6427275 0.4313573296875 0.6427275 0.43 0.6427275 0.4296137984375 0.6426000000000001 0.4290326203125 0.6426000000000001 0.4282602171875 0.6429875 0.427679040625 0.6438900000000001 0.426520434375 0.6438900000000001 0.4259392578125 0.6440175 0.42497187812500004 0.6446625 0.42458567656249996 0.6446625 0.4238095234375 0.6442775000000001 0.42168353906249995 0.644405 0.42052118437499997 0.6442775000000001 0.41974878125000004 0.6445350000000001 0.41916760468750003 0.64505 0.41897262812499997 0.6453075 0.4185864265625 0.6451800000000001 0.41761904687499996 0.6454375 0.4172328453125 0.6462125000000001 0.4162654671875 0.64634 0.40717285312499996 0.6440175 0.402530934375 0.6440175 0.400596175 0.6467275 0.400596175 0.6468575000000001 0.38415073125 0.6020525 0.3898125234375 0.5976975 0.48115485625 0.603255 0.48107611562499997 0.603255 0.4238095234375
1 0.690385 0.37763779531249997 0.6480675 0.3837045375 0.64813 0.40131233593750004 0.6900675 0.3963404578125 0.690385 0.37763779531249997
0 1 0.7574578171875 0.9925875 0.75685039375 0.98368 0.752598425 0.9800375000000001 0.74835020625 0.9800375000000001 0.7434908140625 0.9800375000000001 0.7380277468750001 0.9800375000000001 0.7325646796874999 0.9755825 0.7277052875 0.9763925 0.712122234375 0.9643824999999999 0.695729284375 0.9537224999999999 0.691477315625 0.9351 0.6878365203125 0.9291625 0.6771091109375 0.9322675 0.6769066359375 0.9326725 0.6625346828125 0.9332125 0.6592988375 0.93618 0.6578815140625001 0.9363149999999999 0.5842107234375 0.9089225000000001 0.5799625046875 0.910135 0.5819835015625 0.8940775000000001 0.580772403125 0.87937 0.556280465625 0.8194549999999999 0.551627296875 0.8195874999999999 0.555875515625 0.8198575 0.5572928390625 0.8202624999999999 0.5635658046875001 0.8214775 0.5651856015625001 0.8179700000000001 0.566197975 0.8185100000000001 0.5698425203124999 0.818375 0.5755080609375 0.8074450000000001 0.5742932140625 0.8081175 0.6382489687499999 0.8089275 0.652620921875 0.8116275 0.65484439375 0.8093325 0.661323584375 0.5324275 0.6058680171875 0.5324275 0.60485564375 0.5325624999999999 0.6044506937499999 0.5326975 0.6038432703125001 0.5333725 0.6030333703124999 0.5341825 0.602628421875 0.5341825 0.5941282343750001 0.5348575 0.5931158609375 0.5349925 0.5923059625 0.5349925 0.5921034875 0.5348575 0.5912935890625 0.5349925 0.5910911140625 0.5357149999999999 0.5913048375 0.5358025 0.5690326203125 0.5335075 0.5690326203125 0.49275250000000004 0.5806186734375001 0.493565 0.5815785531250001 0.4937 0.5825909265625 0.49397 0.5836032999999999 0.49397 0.5912935890625 0.4957225 0.5927109109375001 0.4870875 0.59554555625 0.44026249999999995 0.585020621875 0.36982 0.6036407953125 0.3516025 0.597772778125 0.35177749999999997 0.557829021875 0.297805 0.5655568046874999 0.29775999999999997 0.5789501312499999 0.290475 0.5803674546875001 0.287235 0.5795575546875 0.28656000000000004 0.5797600296875001 0.2803525 0.5779377578125 0.265915 0.5801649796875 0.2607875 0.580569928125 0.25431 0.581781028125 0.27279749999999997 0.5886651671875 0.243245 0.5945331828125 0.2441875 0.6615260593750001 0.2470225 0.6643569546875 0 0.7413573296875 0 1 1 1 1 0.7574578171875
1 0.8994 0.34968128906249996 0.882255 0.38443194531249997 0.881235 0.5497862765625 0.896545 0.5698837640625001 0.8994 0.34968128906249996
1 0.882255 0.38443194531249997 0.8205399999999999 0.38994375625 0.8203745093749999 0.4054029015625 0.8682650000000001 0.40126359218749996 0.8674075 0.5290926140625001 0.8194874999999999 0.5265654296875 0.8191900000000001 0.5447019125 0.881235 0.5497862765625 0.882255 0.38443194531249997
1 0.9306924999999999 0.3587176609375 0.90923 0.3617397828125 0.90847 0.4283652046875 0.9109275 0.446475440625 0.9381125000000001 0.44572928437500003 0.939065 0.3878627671875 0.930255 0.3885376828125 0.9306924999999999 0.3587176609375
1 0.93893 0.344821896875 0.9093500000000001 0.349276340625 0.90923 0.3617397828125 0.9390499999999999 0.3575103109375 0.93893 0.344821896875
1 0.101305 0.3293625796875 0.101 0.3298875140625 0.10080249999999999 0.33034495625 0.1004 0.33101612343750003 0.10032749999999999 0.3314585671875 0.1003725 0.33199475 0.10023 0.3324409453125 0.0998 0.3328983875 0.0992 0.3332583421875 0.099225 0.3333408328125 0.0992 0.3352868390625 0.0985275 0.33577052812499997 0.09807 0.336524184375 0.09703 0.338121484375 0.0973 0.3506186734375 0.150285 0.403820771875 0.14985500000000002 0.3481402328125 0.14942 0.331222346875 0.1495425 0.2853880765625 0.09682500000000001 0.3200112484375 0.09688 0.325129359375 0.10137499999999999 0.325721784375 0.101305 0.3293625796875
1 0 0.7127184109375 0.06339249999999999 0.6937607796874999 0.0633712328125 0.693444109375 0.18484 0.6600187484375 0.1847975 0.6568428953125001 0.06537 0.5739107609375 0.064735 0.4983127109375 0.09204 0.49686164218749995 0.08789 0.180622421875 0 0.1442182234375 0 0.7127184109375
1 0.8123950000000001 0.4753580796875 0.8125375 0.486220471875 0.80732 0.486220471875 0.8067675 0.5643569546875 0.8168900000000001 0.5654330703125 0.81889 0.3633108359375 0.8184799999999999 0.358575178125 0.8078575000000001 0.359726284375 0.8076924999999999 0.3855905515625 0.8071775000000001 0.47531683593749996 0.8123950000000001 0.4753580796875
1 0.50351 0.3890401203125 0.51085 0.390719909375 0.50973 0.385774278125 0.5344875 0.3820434953125 0.5063075 0.3719647546875 0.5030125 0.37635170625000003 0.50326 0.386520434375 0.50351 0.3890401203125
1 0.35101 0.4993063359375 0.340155 0.4995388078125 0.3391925 0.402024746875 0.349865 0.403877015625 0.34991249999999996 0.3943682046875 0.31617 0.3896662921875 0.296985 0.3954855640625 0.2966125 0.4010836140625 0.33535499999999996 0.40690663593750004 0.33655 0.5242407203125 0.2972825 0.527375328125 0.297805 0.5655568046874999 0.35177749999999997 0.557829021875 0.35101 0.4993063359375
1 0.693285 0.38844394375 0.691245 0.3848893890625 0.691365 0.396003 0.693375 0.39605174375 0.693285 0.38844394375
1 0.9093600000000001 0.3481102359375 0.8994 0.34968128906249996 0.896545 0.5698837640625001 0.9070575 0.5709111359375 0.9093600000000001 0.3481102359375
1 0.7488825 0.368980128125 0.7410574999999999 0.3699175109375 0.7409049999999999 0.389580053125 0.748825 0.38914885625 0.7488825 0.368980128125