0 0.703545 0.7863817015625 0.691885 0.7744919390625 0.6876875 0.788830146875 0.703545 0.7863817015625
1 0.55749 0.39835395625 0.5445599999999999 0.3968878890625 0.5444025 0.46881139843749997 0.557315 0.46959505 0.55749 0.39835395625
1 0.5444025 0.46881139843749997 0.5445599999999999 0.3968878890625 0.5334800000000001 0.4010648671875 0.5337075 0.46920510000000004 0.5444025 0.46881139843749997
1 0.56804 0.37828271406249997 0.5667500000000001 0.3619985 0.565245 0.3545819265625 0.56245 0.34571428593750003 0.559655 0.33974878125 0.55643 0.334428196875 0.5472225 0.3394938125 0.5522925 0.35174728125 0.55558 0.36315335625 0.556675 0.3748818890625 0.55738 0.384173228125 0.55749 0.39835395625 0.557315 0.46959505 0.55715 0.49085114374999994 0.5683625 0.490974878125 0.56847 0.4308398953125 0.5685775 0.401979753125 0.56804 0.37828271406249997
0 0.8467174999999999 0.8171578546875 0.8590775 0.8241507312499999 0.8588425000000001 0.791278590625 0.8455524999999999 0.7842819640625 0.8357575 0.7842819640625 0.8289975 0.7842819640625 0.8210675000000001 0.7811361078125 0.8212999999999999 0.8080652421875 0.83436 0.8112110984375001 0.8467174999999999 0.8171578546875
0 0.8087099999999999 0.7762392203124999 0.8049775 0.7755380578125 0.7921525 0.7758905140625 0.793085 0.798271465625 0.8101075 0.8031683546874999 0.8087099999999999 0.7762392203124999
0 0.7215 0.7804349453125 0.7208 0.787079115625 0.7434175 0.7860329953125 0.7583425 0.787780278125 0.7599750000000001 0.7853318328125 0.7599750000000001 0.7814848140625 0.7590425 0.7695950500000001 0.7294275 0.76784401875 0.7249975 0.7730896140625 0.722665 0.7762392203124999 0.7215 0.7804349453125
0 0.778395 0.7842819640625 0.77793 0.788128984375 0.7762975 0.7940757406250001 0.7870225 0.795474315625 0.787955 0.7723922015625 0.7786275 0.7720434953125 0.779095 0.7769366328125 0.7793275000000001 0.7821859765625 0.778395 0.7842819640625
0 0.71567 0.7737907765625 0.717535 0.7688938875 0.7196325 0.7660967375000001 0.6949150000000001 0.765395575 0.715435 0.7839332578125 0.715435 0.7786876640625 0.71567 0.7737907765625
1 0.5483675 0.4827409078125 0.551975 0.48239595 0.551525 0.4905136859375 0.55715 0.49085114374999994 0.557315 0.46959505 0.5444025 0.46881139843749997 0.5337075 0.46920510000000004 0.5334800000000001 0.4010648671875 0.5445599999999999 0.3968878890625 0.55749 0.39835395625 0.55738 0.384173228125 0.556675 0.3748818890625 0.5149925 0.3677427828125 0.515515 0.4898612671875 0.54814 0.4911886015625 0.5483675 0.4827409078125
1 0.5148900000000001 0.3477315328125 0.5080025 0.346677915625 0.5078475 0.3523097109375 0.50816 0.48962504687499997 0.515515 0.4898612671875 0.5148900000000001 0.3477315328125
1 0.48132 0.4805886765625 0.4860925 0.4805886765625 0.48617 0.48962504687499997 0.50816 0.48962504687499997 0.5078475 0.3523097109375 0.5060475 0.35512560937500004 0.477165 0.3693850765625 0.4767475 0.4891563546875 0.481475 0.4893925765625 0.48132 0.4805886765625
1 0.46704999999999997 0.49034870625 0.4767475 0.4891563546875 0.477165 0.3693850765625 0.3900825 0.3562992125 0.38936000000000004 0.39152980937500004 0.46721250000000003 0.39981252343749996 0.46704999999999997 0.49034870625
1 0.0737125 0 0.0887925 0.05026246718750001 0.086785 0.0632995875 0.08032249999999999 0.0622984625 0.07876 0.372872140625 0.0800975 0.7162092234374999 0 0.8346306718750001 0 1 0.05985 1 0.10862750000000002 0.84425571875 0.10840749999999999 0.7697000375 0.1041725 0.7707049125000001 0.0977075 0.78574803125 0.0977075 0.734596925 0.10328 0.7252380953124999 0.1046175 0.7703712031250001 0.10885249999999999 0.7693663296875 0.106625 0.386580428125 0.1047825 0.0005211843750000001 0.10031749999999999 0 0.0737125 0
1 0.1433525 0.70815148125 0.1382175 0.6831346078125 0.14014 0.671079865625 0.14270750000000001 0.6633820765625 0.146565 0.6600149984375 0.1481625 0.4619422578125 0.14699 0.45341207343749995 0.14182999999999998 0.44598050312500004 0.14160999999999999 0.443078365625 0.1407475 0.4408361453125 0.136245 0.43920884843749997 0.13322499999999998 0.43793400781249997 0.13022 0.431799775 0.126995 0.43019497500000003 0.1271625 0.42268841406249996 0.1625975 0.422823396875 0.1646625 0.42069741250000003 0.16608 0.4176003 0.1665975 0.4158605171875 0.168145 0.393802025 0.168905 0.281226096875 0.168015 0.2755380578125 0.16690750000000001 0.2715335578125 0.1651275 0.26785526875 0.164675 0.2621672296875 0.164675 0.258822646875 0.1651275 0.25615298124999997 0.17315 0.2594975625 0.1726975 0.2601574796875 0.1726975 0.26650168750000003 0.17248000000000002 0.2691901015625 0.1713575 0.27286839218750003 0.1704675 0.276872890625 0.173485 0.408875140625 0.173305 0.41545181875 0.17420750000000002 0.41854893125 0.1750975 0.42069741250000003 0.17778 0.4233858265625 0.179805 0.42495313125 0.18503 0.425628046875 0.1865125 0.42406074218749995 0.1875575 0.4227071609375 0.188835 0.41957255312499997 0.189055 0.41376827968749996 0.19014999999999999 0.395001875 0.1926525 0.30515560625 0.190835 0.3014998125 0.190215 0.2994675671875 0.19026749999999998 0.29650918593750003 0.1904225 0.293569553125 0.1904225 0.2923097109375 0.190165 0.291769778125 0.1898025 0.2906074234375 0.1910425 0.2901424828125 0.1930675 0.2901424828125 0.1963825 0.291072365625 0.1976725 0.2923097109375 0.19762 0.29295088125 0.197 0.29426321718750004 0.1962775 0.30165354375 0.19424 0.30509936249999997 0.1943425 0.3414135734375 0.19482 0.40161979687500005 0.195065 0.41394450625 0.1956475 0.419921259375 0.1964325 0.4214885640625 0.197 0.4222422203125 0.1974275 0.4233670796875 0.198175 0.424199475 0.19949 0.4254180734375 0.200665 0.4265391828125 0.20160499999999998 0.427469065625 0.20162 0.42907386562500005 0.26553499999999997 0.43953880781250004 0.24789 0.4232883390625 0.23613749999999997 0.40632170937499995 0.22369 0.37985376875 0.21329250000000002 0.348376453125 0.208635 0.3200149984375 0.20463749999999997 0.29525309375000003 0.20560499999999998 0.2707574046875 0.207655 0.24924634375000002 0.21222249999999998 0.22945256875000003 0.21902 0.2137645296875 0.22805 0.20347206562500003 0.23753000000000002 0.197975253125 0.2486625 0.1975103109375 0.25768 0.200221221875 0.267135 0.2065654296875 0.2769375 0.21614173281250001 0.2852975 0.2270153734375 0.29434 0.2431683546875 0.2999375 0.2553018375 0.304775 0.2664829390625 0.30969 0.28234720625 0.31452749999999996 0.29952755937500003 0.317805 0.315624296875 0.32026750000000004 0.331526059375 0.3215325 0.3487664046875 0.32176499999999997 0.362579678125 0.3213775 0.378830146875 0.3198175 0.393127109375 0.3167325 0.407229096875 0.3132125 0.417330334375 0.308995 0.42684664375 0.30260750000000003 0.43514810625000006 0.29656 0.440198725 0.2901225 0.4429433828125 0.34574 0.45147731562500004 0.34402 0.23398575156249998 0.1047825 0.0005211843750000001 0.10862750000000002 0.84425571875 0.1331225 0.824829396875 0.1433525 0.70815148125
1 0.39190749999999996 0.623074615625 0.3862375 0.621724784375 0.38503750000000003 0.6248743906249999 0.3917575 0.624019496875 0.39190749999999996 0.623074615625
1 0.3838375 0.6218597671875 0.3823675 0.6220397453125 0.37780749999999996 0.624379453125 0.37492749999999997 0.6265841765625 0.3826375 0.625774278125 0.3838375 0.6218597671875
1 0.368715 0.6267416578125 0.36829 0.62760405 0.36829 0.6288039000000001 0.36979 0.627529059375 0.37044 0.627004125 0.37234 0.6259917515625 0.37334 0.6255043125 0.374315 0.625129359375 0.376815 0.62415448125 0.378115 0.6234420703125 0.38024 0.621679790625 0.37974 0.6213423328125 0.37884 0.6211923515625 0.37699 0.6211923515625 0.37469 0.621679790625 0.37273999999999996 0.62280465 0.371115 0.6243419578125 0.37024 0.6252418453125 0.368715 0.6267416578125
1 0.361655 0.6318897640625 0.36402999999999996 0.6306486687499999 0.366695 0.628976378125 0.36727 0.627570303125 0.36997 0.6237382828125 0.3731375 0.620877390625 0.366575 0.6215598046874999 0.360925 0.6258342703124999 0.35773 0.6315673046875 0.355605 0.6371278593749999 0.3581975 0.6346981625 0.361655 0.6318897640625
1 0.34068 0.649580053125 0.34298 0.6518185234375 0.3445975 0.6533145859375 0.3478325 0.6553655796875 0.3506325 0.6564866890625 0.3514425 0.6501424828125 0.35380500000000004 0.6451031125 0.354925 0.6424896890625 0.3561075 0.6407161609375 0.35903 0.6376377953125 0.35984 0.6366141734374999 0.35542250000000003 0.6395050624999999 0.35312 0.641931009375 0.3520625 0.6440757406250001 0.3510675 0.6459430078125 0.3501975 0.6478065234375 0.348705 0.6501424828125 0.3470875 0.6522872140625 0.34659 0.6522872140625 0.3464025 0.6507011625 0.3468375 0.649673790625 0.34746 0.6481814765625 0.349575 0.6452905890625 0.35287250000000003 0.6396925390625 0.3541175 0.6382002250000001 0.35505 0.6362392203125 0.35542250000000003 0.63400075 0.35778750000000004 0.628773903125 0.360275 0.6245781781249999 0.3623275 0.622523434375 0.3558575 0.6272815890625 0.35137999999999997 0.6310161234375 0.33862749999999997 0.6423022125 0.339685 0.648927634375 0.3403675 0.6492088484375 0.34068 0.649580053125
1 0.6782075 0.505519309375 0.67492 0.5102999625 0.68478 0.51044619375 0.707975 0.5098800156250001 0.7082575 0.50805024375 0.7080675000000001 0.5060742406250001 0.7088175 0.5035433078125 0.709195 0.5024184484374999 0.7080675000000001 0.5010086234375 0.70711 0.49812523437499995 0.7075400000000001 0.49674540624999997 0.7080275 0.49405699218750004 0.7080875 0.4901424828125 0.708955 0.48541057343749994 0.71112 0.4848631421875 0.7109300000000001 0.4704949375 0.696655 0.47134608125 0.6623825 0.47305586875000005 0.6613975 0.4759430078125 0.6621475 0.4759430078125 0.662995 0.47664791875 0.6648725 0.478473940625 0.6651525 0.48002249687500004 0.6656225 0.4908661421875 0.66628 0.48974128281249996 0.66825 0.486925384375 0.6693775 0.485800525 0.670885 0.4841094859375 0.671635 0.48340457499999995 0.6733225 0.4828383953125 0.67558 0.4835433078125 0.6783975 0.4850956125 0.6798975 0.4866404203125 0.6813049999999999 0.4896062984375 0.6815829765625 0.49631412499999994 0.6813049999999999 0.49636295468749997 0.6813049999999999 0.4980577421875 0.681215 0.49861267343750004 0.6800849999999999 0.5019985 0.6782075 0.505519309375
1 0.710885 0.3963404578125 0.709515 0.3721822265625 0.64635 0.38845144375 0.6460225 0.4097412828125 0.6619775 0.40670791093750003 0.710885 0.3963404578125
0 0.1743925 1 0.18184 0.9617097859375001 0.1779225 0.9562504687500001 0.16533 0.8454593171875 0.16113249999999998 0.8454593171875 0.1544175 0.8517510312500001 0.15022 0.84965504375 0.1138425 0.8781927265625 0.07986499999999999 1 0.1743925 1
1 0.6128549999999999 0.472227221875 0.6120574999999999 0.4097412828125 0.62489 0.4072665921875 0.6460225 0.4097412828125 0.64635 0.38845144375 0.5981975 0.38110611250000004 0.5981025 0.4121147359375 0.609135 0.41454818125 0.6071625 0.486869140625 0.5973725 0.48674540625 0.5974524999999999 0.509868765625 0.6253075 0.509523809375 0.6462525 0.510821146875 0.6461325 0.47964754374999996 0.6465775 0.4730596171875 0.6246050000000001 0.4716985375 0.6128549999999999 0.472227221875
0 0.34293 1 0.34184000000000003 0.9959130109375 0.19639 0.9742969625000001 0.19039250000000002 1 0.34293 1
0 0.383035 0.7517060375 0.381875 0.7554855640625 0.38225750000000003 0.757525309375 0.38246 0.7633595796875 0.38070750000000003 0.7723997 0.42928750000000004 0.7764829390625 0.425305 0.7296962875 0.37504 0.726321709375 0.3814825 0.7455830515625 0.3820675 0.7473378328125 0.383035 0.7517060375
1 0.3379975 0.4782377203125 0.3381825 0.6400974875000001 0.34162499999999996 0.638020246875 0.3471 0.63224596875 0.35304250000000004 0.627004125 0.357325 0.6235845515625 0.36135 0.6213348328125 0.366975 0.61864641875 0.37663250000000004 0.6175328078125 0.38332 0.6161417328125001 0.3848075 0.6161417328125001 0.3874075 0.610569928125 0.389265 0.6047169109375 0.3890775 0.6010948625 0.386665 0.5955230593749999 0.3848075 0.5907874015625 0.3838775 0.5835433078125 0.38425 0.580479940625 0.3848075 0.5782527187500001 0.386665 0.5729583796875 0.3874075 0.5685001875 0.3861075 0.5637645296875 0.3848075 0.5593063359375 0.3834 0.55320585 0.34685 0.5386576671875 0.34575 0.537870265625 0.34524 0.5002437203125 0.3456125 0.4762879640625 0.34617 0.46566554218749995 0.34487 0.469321334375 0.3418975 0.4707161609375 0.339855 0.4726659171875 0.3379975 0.4782377203125
0 0.396445 0.6963367078125 0.36593749999999997 0.7018747656250001 0.36807500000000004 0.707994 0.39839 0.7068278968749999 0.396445 0.6963367078125
0 1 0.7569891265625001 0.9427225 0.7376152984375001 0.9427225 0.7401912265624999 0.9344625000000001 0.7390251218749999 0.9347875 0.7351368578125 0.927825 0.731979753125 0.9221575 0.7341657296874999 0.92167 0.752624671875 0.9126025 0.7511661046875 0.9137375000000001 0.72785151875 0.8619175 0.7110948625 0.8630025 0.719373828125 0.8626625000000001 0.72275215625 0.8614324999999999 0.72275215625 0.8610925 0.744319459375 0.866775 0.7468428953124999 0.864865 0.826527934375 0.8908875 0.8378702656250001 0.9205525 0.8575928015625 0.9583325 0.886130484375 0.968955 0.8890663671875 0.9767925 0.8915935515625 0.9812775 0.8945331828124999 0.98855 0.8995613046875001 0.9958199999999999 0.9033258343749999 1 0.9024296968750001 1 0.7569891265625001
0 0.4901625 1 0.6322425 0.9100599921875 0.6273850000000001 0.90034495625 0.6211875 0.873378328125 0.62158 0.8567641546875 0.6225025 0.8438095234375 0.6253375 0.8334870640625001 0.630655 0.8223922015625 0.6393150000000001 0.8112598421874999 0.6495474999999999 0.8036707906249999 0.66338 0.79574428125 0.675335 0.7917472812499999 0.6740524999999999 0.73794525625 0.66906 0.7266104234374999 0.667305 0.7689088859375001 0.66609 0.7703262093750001 0.6615125 0.7708323953125 0.6626274999999999 0.653730784375 0.6595575 0.64995500625 0.65815 0.63695163125 0.6595575 0.635279340625 0.664875 0.63275215625 0.664875 0.6218372703124999 0.6159125000000001 0.6084139484375 0.616195 0.5899625046875 0.5974375000000001 0.5928983875 0.597455 0.646220471875 0.5989325 0.6503599546875 0.600395 0.660326209375 0.578535 0.6581327328125 0.42600249999999995 0.69024746875 0.42493499999999995 0.6974990625 0.42408999999999997 0.7026921640625 0.4230575 0.7064904390625 0.4208975 0.7093063359375 0.44648000000000004 0.7118335203124999 0.45153999999999994 0.714079490625 0.4556675 0.7164716906249999 0.457355 0.719002625 0.4581075 0.7209598796875001 0.45772500000000005 0.72574803125 0.45661250000000003 0.7272515937499999 0.4496175 0.7303862015625 0.44332000000000005 0.7296962875 0.43585250000000003 0.7303862015625 0.441555 0.7807649046875 0.4452425 0.783280840625 0.4475925 0.8321409828125 0.4584225 0.9543494562499999 0.45445250000000004 0.95679415 0.44886499999999996 0.9575028124999999 0.43906999999999996 0.8805624296874999 0.37550249999999996 1 0.4901625 1
1 0.3710275 0.6308998875 0.36819 0.6318672671875001 0.366255 0.6339932515625 0.3627725 0.6423134609375001 0.36174 0.641927259375 0.363675 0.6349606296875 0.36161 0.6368953875 0.35645 0.6442482187499999 0.353485 0.6517922765625 0.352195 0.6566291718749999 0.3523225 0.65895013125 0.354515 0.6643682046875 0.35748250000000004 0.671721034375 0.360965 0.6829396328125 0.3645775 0.68274840625 0.38212 0.627030371875 0.3767025 0.628575178125 0.3710275 0.6308998875
1 0.3849225 0.6260817390625 0.36619999999999997 0.6822384703125 0.3935225 0.6775365578125 0.39217749999999996 0.63145481875 0.39217749999999996 0.624469440625 0.3849225 0.6260817390625
1 0.34574 0.45147731562500004 0.3634775 0.45454068281250004 0.3632625 0.45889388750000004 0.359715 0.45889388750000004 0.3587475 0.46195725468750004 0.35649000000000003 0.46324709375 0.34617 0.46566554218749995 0.345955 0.53724784375 0.38347000000000003 0.5507911515624999 0.3760525 0.5317660296875 0.376805 0.531121109375 0.38605 0.551919759375 0.3887375 0.55240345 0.3818575 0.5166104234375 0.3822875 0.51644919375 0.3902425 0.552725909375 0.39282249999999996 0.553370828125 0.394005 0.55240345 0.3943275 0.5457930265625001 0.380245 0.48952380937499995 0.38089 0.4875890515625 0.39293 0.5316048 0.3932525 0.525800525 0.3915325 0.51435320625 0.394005 0.5087101609375 0.397875 0.53805399375 0.39852 0.539021371875 0.40034749999999997 0.525800525 0.40034749999999997 0.511773528125 0.39970249999999996 0.5037120359375 0.3878775 0.5043569546875 0.38551250000000004 0.4887176609375 0.3895975 0.4890401203125 0.3891675 0.36764154531250004 0.39078 0.344424446875 0.39314499999999997 0.327979003125 0.3968 0.31766029218749997 0.4027125 0.3087926515625 0.40862499999999996 0.302020996875 0.4153975 0.29815148125 0.42829750000000005 0.29605549375 0.519775 0.315080615625 0.537405 0.319272590625 0.54364 0.32185226875 0.5494425 0.32588301406250003 0.5530975 0.3295913015625 0.55643 0.334428196875 0.559655 0.33974878125 0.56245 0.34571428593750003 0.565245 0.3545819265625 0.5667500000000001 0.3619985 0.56804 0.37828271406249997 0.5685775 0.401979753125 0.56847 0.4308398953125 0.5683625 0.490974878125 0.57234 0.4912973375 0.57234 0.4943607046875 0.5718025 0.495005625 0.5700825 0.50355080625 0.46355500000000005 0.5030671171875001 0.455815 0.5191901015625 0.4466775 0.5378927640625 0.44141 0.5488563921875 0.4387225 0.56094488125 0.4352825 0.5730371203125 0.4342075 0.5796475437499999 0.4370025 0.570779903125 0.44087249999999994 0.563524559375 0.43796999999999997 0.5730371203125 0.4316275 0.5902887140625 0.4316275 0.5917397828125 0.4354975 0.58400075 0.43893750000000004 0.5783577046875 0.441625 0.5719085109375001 0.4475375 0.5580427453125 0.4483975 0.5585264343749999 0.44098 0.5769066359374999 0.44356 0.5735208093749999 0.4499025 0.568200225 0.45570750000000004 0.564169478125 0.4593625 0.5630408703125 0.45990000000000003 0.5640082484375 0.45764250000000006 0.5651368578125 0.45355749999999995 0.5673940749999999 0.44828999999999997 0.571424821875 0.44388249999999996 0.5752943375 0.43968999999999997 0.5817435328125 0.44012 0.5830333703125 0.44678500000000004 0.5748106484375 0.4490425 0.5730371203125 0.45097750000000003 0.57255343125 0.45000999999999997 0.5738432703125 0.444205 0.579325084375 0.43968999999999997 0.5862579671875 0.436465 0.5951256093749999 0.4303375 0.6073790781249999 0.439905 0.605928009375 0.44001250000000003 0.6304349453125 0.43076749999999997 0.631724784375 0.428405 0.6721897265625 0.5804425 0.6442932140625001 0.580765 0.29286464218749997 0.34402 0.23398575156249998 0.34574 0.45147731562500004
1 0.59825 0.37394075781249997 0.6016275 0.35593175781249997 0.607085 0.3414885640625 0.6131825 0.33330333749999996 0.620565 0.3280089984375 0.6311575 0.3231946 0.672565 0.32126734218749997 0.6847624999999999 0.32271091093750004 0.6934275000000001 0.3256018 0.7004900000000001 0.3318597671875 0.7056250000000001 0.34004499374999997 0.7097975 0.34774653125 0.7126875 0.3583352078125 0.7142925 0.3718147734375 0.7146125 0.3958867640625 0.7158975 0.56919385 0.7405825 0.569268840625 0.7389125 0.43805024374999996 0.7408625 0.277671540625 0.580765 0.29286464218749997 0.5804425 0.6442932140625001 0.597455 0.646220471875 0.597455 0.4767641546875 0.59825 0.37394075781249997
1 0.8543125 0.6495875515625 0.8548825000000001 0.65075365625 0.8554 0.6540944875 0.8568 0.6544057 0.857855 0.6564341953125 0.8592850000000001 0.6568091484374999 0.8598399999999999 0.6568091484374999 0.862395 0.655223096875 0.8637650000000001 0.655320584375 0.8648825 0.6564341953125 0.8665625 0.6582114734375 0.8688 0.6605436828125 0.8692975000000001 0.6616647921875 0.8698600000000001 0.662129734375 0.8725324999999999 0.663430821875 0.8732150000000001 0.6641844765625 0.8732150000000001 0.6661417328125 0.87303 0.667630296875 0.8722225 0.6703374578125 0.8707274999999999 0.6720172484375 0.8693625 0.6724821890625 0.8686975 0.6750431203125 0.8686550000000001 0.67595050625 0.86913 0.6764679421875 0.86969 0.67679415 0.8719374999999999 0.676599175 0.8731025000000001 0.6773115859375001 0.8747025 0.6784139484375 0.8757400000000001 0.6775065609375 0.8763 0.6775065609375 0.8766450000000001 0.6790588671875 0.8769925000000001 0.6804836890625 0.8787200000000001 0.6814585671875 0.88006 0.682429696875 0.8817875000000001 0.6826884140625 0.884855 0.682170978125 0.8874449999999999 0.681522309375 0.889865 0.6813910765625 0.8901249999999999 0.6833370828125 0.88857 0.68515185625 0.8852 0.6868991375 0.88507 0.68735283125 0.8859775000000001 0.6904649421875 0.886495 0.692275965625 0.88615 0.692924634375 0.8852 0.6936370453125 0.8833 0.6938957625 0.8825200000000001 0.6944169484375 0.8817425 0.6955155609375 0.8802325 0.695969253125 0.8787200000000001 0.6972665921875 0.91486 0.7075365578125 0.91687 0.6578590171875 0.9113925 0.656925384375 0.9113925 0.652819646875 0.8523025000000001 0.63974503125 0.8529125000000001 0.6520734906250001 0.8530675000000001 0.651919759375 0.8543125 0.6495875515625
1 1 0.12829021406250002 0.796525 0.22467191562500002 0.79685 0.2422684671875 0.7890175 0.25884514375 0.7408625 0.277671540625 0.738913771875 0.4379456859375 0.738865 0.4379565046875 0.7405825 0.569268840625 0.749485 0.5702174734375001 0.7619925000000001 0.57079865 0.7649475 0.572006 0.7657225000000001 0.572770903125 0.7663249999999999 0.5735845515625 0.7670225 0.57504686875 0.7697775 0.610172478125 0.77035 0.610521184375 0.7730425000000001 0.6087814015624999 0.77645 0.60555305625 0.779855 0.602999625 0.784685 0.6008398953125 0.7862175 0.6008398953125 0.7862175 0.6054143234375 0.7853950000000001 0.6110573671874999 0.7829824999999999 0.62475440625 0.7836925 0.6404949375 0.7831825 0.642328459375 0.7845449999999999 0.6423997 0.7870675 0.64374578125 0.7923625000000001 0.647622796875 0.7945599999999999 0.647922759375 0.7945599999999999 0.64755155625 0.7941575000000001 0.6453243343749999 0.7937075 0.64439445 0.7933825 0.643719534375 0.7931975 0.6428871390625 0.7933525 0.642770903125 0.793785 0.6424896890625 0.793785 0.642073490625 0.793755 0.641469815625 0.793755 0.641027371875 0.7939875 0.640423696875 0.7943749999999999 0.640423696875 0.7947775 0.6406336703125 0.79501 0.642024746875 0.7954725 0.642373453125 0.79566 0.642373453125 0.7976099999999999 0.6422834640625 0.79891 0.6421409828125 0.8002100000000001 0.642628421875 0.8007525 0.6432583421875 0.801975 0.6453243343749999 0.8023624999999999 0.6435583046875 0.80295 0.6418635171875 0.8037699999999999 0.6408436453124999 0.8036300000000001 0.640772403125 0.8032275 0.6396137984375 0.804405 0.6385901765625001 0.8041725 0.638125234375 0.80182 0.6366854140625 0.802595 0.635875515625 0.8072525 0.6373153359375 0.8093899999999999 0.6398912640625001 0.81038 0.6404949375 0.8109225 0.639426321875 0.8126875 0.639426321875 0.8127325000000001 0.6408436453124999 0.8148225 0.6415148109375 0.8181200000000001 0.6360817390625 0.8177175 0.6324146984375 0.8062150000000001 0.6299062609375 0.8053950000000001 0.634319459375 0.7957975 0.6318822640625 0.79617 0.6090588671875 0.8072075 0.6112185984375 0.8069425000000001 0.6266816640624999 0.8165725 0.625519309375 0.8171900000000001 0.6234083234375001 0.8181350000000001 0.622827146875 0.8199299999999999 0.622223471875 0.8218799999999999 0.620596175 0.826665 0.6210611171875 0.8297125 0.6212935890625 0.83199 0.620828646875 0.8322200000000001 0.6154218218749999 0.8399599999999999 0.6168353953125 0.8399599999999999 0.6151893515625 0.8412925 0.6126134234375 0.8424675 0.6106149234375 0.8422375000000001 0.60815523125 0.8420825000000001 0.59884514375 0.8430249999999999 0.5949681296875 0.8438000000000001 0.5912073484375 0.8449 0.58839895 0.8456875 0.5865166859375 0.8450525000000001 0.58544806875 0.8433350000000001 0.580873640625 0.8421749999999999 0.57305211875 0.8416175000000001 0.5713573296875001 0.8389849999999999 0.5691038625 0.8370050000000001 0.5679902515624999 0.82996 0.5626284218750001 0.829125 0.560374953125 0.828275 0.5592613421875 0.8279025000000001 0.5572890890625 0.8280875 0.5560104984375001 0.8321275 0.5498125234375 0.8361675 0.5464454437499999 0.8384124999999999 0.545170603125 0.8415250000000001 0.5441919765625001 0.8498675 0.5463067109375 0.85513 0.5470041250000001 0.8587075000000001 0.5486989125 0.8611375000000001 0.5505324328125 0.86677 0.5513685796875001 0.87109 0.5513685796875001 0.88188 0.5517172859375 0.8944025 0.5520622421875 0.9033950000000001 0.5520622421875 0.9138125 0.549370078125 0.9194175 0.5497900265625 0.9224650000000001 0.5497900265625 0.9253600000000001 0.552598425 0.9301275 0.5598650171874999 0.933255 0.565969253125 0.92892 0.570427446875 0.927295 0.5713085859375 0.9254849999999999 0.572122234375 0.9240299999999999 0.5721934765625 0.92208 0.57184476875 0.919865 0.5715898015625 0.91869 0.5709636296875 0.9108875 0.6197375328125 0.9112275000000001 0.6223622046874999 0.91228 0.625474315625 0.9142625000000001 0.6268428953125 0.91482 0.6272365953125 0.9164899999999999 0.6285376828125 0.917235 0.6292350953125 0.91773 0.630581178125 0.9186425 0.6313685796875 0.919725 0.63160105 0.920795 0.63160105 0.9228225 0.6320434953125 0.924075 0.63334458125 0.924525 0.6348743906250001 0.9270949999999999 0.6392650921875 0.96782 0.647622796875 0.9691525000000001 0.6487139109375 0.9696775000000001 0.6500599921875 0.9696149999999999 0.6518485187499999 0.9674324999999999 0.653078365625 0.957495 0.659370078125 0.9519550000000001 0.66055118125 0.946025 0.6611323578125 0.9395075 0.658972628125 0.9413199999999999 0.71555305625 1 0.7350318703125 1 0.4371353578125 0.993995 0.319276340625 1 0.3177427828125 1 0.12829021406250002