1 0.2196733328125 0.47792 0.2161216671875 0.47708000000000006 0.21686999999999998 0.576395 0.22137500000000002 0.5759175 0.2196733328125 0.47792
1 0.2444666671875 0.6057325 0.386375 0.6076024999999999 0.46292999999999995 0.5938925 0.4629816671875 0.47246 0.3869983328125 0.47418250000000006 0.242285 0.47441500000000003 0.2196733328125 0.47792 0.22137500000000002 0.5759175 0.2211 0.5942825 0.2444666671875 0.6057325
0 1 0.76533 0.64322 0.65776 0.6454266671875 0.655815 0.6449066671875 0.624465 0.6442583328125 0.62427 0.6434783328125 0.6219325 0.6452966671875 0.619985 0.6451666671875 0.5917525 0.6159583328125 0.5886375 0.6446466671875 0.5742275 0.6444333328125 0.561125 0.640115 0.559825 0.610105 0.566545 0.6102383328125 0.5839775 0.611545 0.5843524999999999 0.611545 0.59292 0.6132333328125 0.5950624999999999 0.60194 0.5977875 0.6001216671875 0.5966199999999999 0.5790933328125 0.6049925 0.5784433328125 0.5915575 0.570785 0.590195 0.5715633328124999 0.6049925 0.536645 0.6149225 0.536385 0.6201800000000001 0.5376833328124999 0.6225175000000001 0.5270383328125 0.6260225 0.4625216671875 0.60655 0.3902183328125 0.6232949999999999 0.3331016671875 0.624075 0.2800083328125 0.6225175000000001 0.241065 0.62135 0.2193866671875 0.6020725 0.220555 0.600125 0.22003499999999998 0.5938950000000001 0.22113333281249997 0.59215 0.2211833328125 0.58485 0.2176983328125 0.5851325 0.21185666718750001 0.5851325 0.144875 0.59292 0.1268316671875 0.59584 0.11748499999999999 0.59623 0.1167066671875 0.5812375000000001 0.11177333281249999 0.5814325 0.11164333281250001 0.5742275 0.1096966671875 0.57345 0.10658000000000001 0.5637125000000001 0.10671 0.5633225000000001 0.1077483328125 0.56274 0.10749 0.5607925 0.048295 0.56527 0.0494633328125 0.58299 0.048295 0.592725 0.0464783328125 0.5935050000000001 0.045829999999999996 0.6012925 0.0410266671875 0.6014875 0.0405066671875 0.6219325 0.03791 0.624465 0.0367416671875 0.63167 0.0358333328125 0.63751 0.0363533328125 0.650945 0.0292133328125 0.6700275 0.0296033328125 0.6752849999999999 0.0329783328125 0.685215 0.014544999999999999 0.740515 0.014674999999999999 0.7453825000000001 0.01753 0.74694 0 0.80887 0 0.9989025 0.01334 1 1 1 1 0.76533
1 0.391085 0.4049175 0.4014233328125 0.4016 0.4012933328125 0.3983825 0.40070833281249996 0.397505 0.3988216671875 0.39526249999999996 0.3979116671875 0.392725 0.4428433328125 0.3770225 0.4428433328125 0.37068249999999997 0.44108833281250004 0.3693175 0.37507 0.39256 0.3752583328125 0.4021825 0.3893283328125 0.4035525 0.391085 0.4049175
1 0.2770166671875 0.3948075 0.3455933328125 0.4023225 0.3517266671875 0.40023 0.3752583328125 0.4021825 0.37507 0.39256 0.03807 0.35136500000000004 0.037855 0.37563749999999996 0.12376499999999999 0.3838675 0.1267983328125 0.5860475 0.1358533328125 0.585105 0.1324166671875 0.3862275 0.21567666718749998 0.3936 0.2156116671875 0.46863 0.2231766671875 0.46709750000000005 0.2235290328125 0.46562705156249995 0.2232416671875 0.46705500000000005 0.2744783328125 0.4662275 0.27344 0.402365 0.27126666718750003 0.397575 0.2770166671875 0.3948075
1 0.10654999999999999 0.41001750000000003 0.046936667187499996 0.40451499999999996 0.0491683328125 0.5587424999999999 0.1083916671875 0.5529149999999999 0.10654999999999999 0.41001750000000003
1 0.8858716671875 0.150355 0.8862433328125 0.14356249999999998 0.722235 0.2177025 0.72121 0.2720725 0.718415 0.27838250000000003 0.7176983328125 0.27849 0.7178416671875001 0.28053249999999996 0.7165516671875001 0.28193 0.7164083328124999 0.2835425 0.6850916671875 0.29418500000000003 0.6857599999999999 0.398 0.6866816671875 0.434025 0.8858716671875 0.150355
1 0.6444933328125 0.47611499999999995 0.6461066671875 0.47495000000000004 0.6461066671875 0.47485999999999995 0.646345 0.47360499999999994 0.64736 0.47253 0.6480766671875 0.47208249999999996 0.6482566671875001 0.47074 0.6479583328125 0.47038 0.64754 0.469485 0.6459866671875 0.4668875 0.6459866671875 0.465095 0.646345 0.4634825 0.6465833328125 0.46204999999999996 0.6470616671875 0.46079499999999995 0.6483749999999999 0.45766 0.6481966671875 0.40185250000000006 0.6509433328124999 0.401405 0.6551233328125 0.4029275 0.6857599999999999 0.398 0.68594 0.38017500000000004 0.6378250000000001 0.3891025 0.640115 0.559825 0.6444333328125 0.561125 0.6444933328125 0.47611499999999995
1 0.6378250000000001 0.3891025 0.6099066671875 0.3836525 0.610105 0.566545 0.640115 0.559825 0.6378250000000001 0.3891025
1 0.553605 0.36693 0.55274 0.3673375 0.5506266671875 0.36693 0.5501933328125 0.34287 0.55469 0.3413275 0.5575616671875 0.3410825 0.5634133328125001 0.3432775 0.5629166671875 0.3681175 0.5616 0.36879249999999997 0.56231 0.46989749999999997 0.560345 0.46989749999999997 0.56044 0.46301500000000007 0.558565 0.46385750000000003 0.558565 0.46484249999999994 0.5563183328125 0.464135 0.556225 0.459785 0.5558500000000001 0.457535 0.5537916671875001 0.45542999999999995 0.5337766671875 0.45005249999999997 0.5371833328125 0.450975 0.536855 0.46491499999999997 0.5337850000000001 0.46491499999999997 0.534255 0.60045 0.5592550000000001 0.5947250000000001 0.55838 0.569075 0.5540533328125 0.5699799999999999 0.5535249999999999 0.55474 0.5581166671875 0.5541775 0.5584033328125 0.569045 0.5593366671875 0.59482 0.56714 0.5932999999999999 0.5666933328125 0.36038000000000003 0.6047633328125 0.3687875 0.6053466671875001 0.5847100000000001 0.6102383328125 0.5839775 0.60989 0.34659 0.5332683328125001 0.3230925 0.5336966671875001 0.450025 0.5538283328125 0.45543500000000003 0.553605 0.36693
1 0.53325 0.31055 0.5247416671875 0.3083175 0.5260733328125 0.6105225 0.5343583328125 0.60982 0.53325 0.31055
1 0.45850166718749996 0.35803250000000003 0.45850166718749996 0.3601775 0.4579166671875 0.3625175 0.455835 0.3668975 0.455835 0.41179249999999995 0.45644 0.4533825 0.462995 0.4528275 0.46220166718750005 0.4666075 0.47390499999999997 0.46700749999999996 0.4738466671875 0.47287999999999997 0.4629816671875 0.47246 0.46292999999999995 0.5938925 0.48292333281250005 0.599745 0.4829264109375 0.5997253625 0.5260733328125 0.6105225 0.52571 0.44641000000000003 0.5256449671875 0.44640495625 0.5247416671875 0.3083175 0.4552366671875 0.338505 0.45576999999999995 0.3553 0.45713499999999996 0.3564725 0.45850166718749996 0.35803250000000003
1 1 0.09781 0.8990066671875001 0.1448925 0.8987083328125 0.144625 0.8975133328125 0.1421175 0.8970966671875 0.1418475 0.8959616671875 0.142565 0.8961399999999999 0.14005499999999999 0.8959616671875 0.13987750000000002 0.89405 0.1389825 0.8922583328125 0.1368325 0.8894516671874999 0.13307 0.8899900000000001 0.32838 0.9030799999999999 0.314585 0.9049316671875 0.3171 0.9004466671875001 0.32327249999999996 0.8996999999999999 0.41019249999999996 0.6860166671875 0.63792 0.6869133328125 0.6523975 0.8385716671875001 0.691365 0.8404583328124999 0.6314525 0.8276833328125001 0.6293124999999999 0.8279833328124999 0.603505 0.839855 0.604185 0.84047 0.63141 0.8387983328124999 0.6909425 0.8965883328125 0.7049624999999999 0.895680465625 0.667014803125 0.8969699999999999 0.7043975 1 0.732355 1 0.09781