1 0.7240686281250001 0.61 0.7663235296875001 0.616225490625 0.7643627453125 0.24681372499999998 0.720408496875 0.273186275 0.7201960781250001 0.3252450984375 0.724591503125 0.55948529375 0.7240686281250001 0.61
1 0.9076797390625 0.249681371875 0.7643627453125 0.24681372499999998 0.7663235296875001 0.616225490625 0.9117320265625001 0.609681371875 0.9076797390625 0.249681371875
1 0.9547712421875 0.23392156874999998 0.9076797390625 0.249681371875 0.9117320265625001 0.609681371875 0.953431371875 0.63039215625 0.9547712421875 0.23392156874999998
1 1 0.0779901953125 0.9547712421875 0.23392156874999998 0.953431371875 0.63039215625 1 0.721813725 1 0.0779901953125
1 0.402957515625 0.5574264703125 0.480326796875 0.554460784375 0.48013071875 0.544068628125 0.40248365937499997 0.5458333328125 0.402957515625 0.5574264703125
1 0 0 0 1 0.04521241875 1 0.0741339875 0.9724019609375001 0.076143790625 0.46426470625 0.0796405234375 0 0 0
1 0.1052941171875 0.3249264703125 0.1778104578125 0.326960784375 0.1754248359375 0.27348039218750003 0.07754902031250001 0.2680882359375 0.076830065625 0.3279901953125 0.09986928125 0.3310294125 0.1052941171875 0.3249264703125
1 0.172091503125 0 0.1754248359375 0.27348039218750003 0.1778104578125 0.326960784375 0.1752287578125 0.7789705875 0.24624182968750002 0.776617646875 0.2440359484375 0 0.172091503125 0
1 0.3111274515625 0.19884803906249998 0.2440359484375 0 0.24624182968750002 0.776617646875 0.312826796875 0.6613480390625 0.3111274515625 0.19884803906249998
1 0.357777778125 0.33676470625 0.3111274515625 0.19884803906249998 0.3109150328125 0.25926470625000003 0.33519607812499996 0.277475490625 0.3346241828125 0.5946813718749999 0.3586274515625 0.556568628125 0.357777778125 0.33676470625
1 0.402957515625 0.4968627453125 0.38573529375 0.4960049015625 0.384313725 0.37615196093750003 0.4986764703125 0.3752941171875 0.4992320265625 0.49303921562499997 0.4797549015625 0.49389705937499995 0.480326796875 0.50914215625 0.480326796875 0.554460784375 0.5534477125 0.5540441171875 0.55289215625 0.34311274531249997 0.357777778125 0.33676470625 0.3586274515625 0.556568628125 0.402957515625 0.5574264703125 0.402957515625 0.4968627453125
1 0.583186275 0.3146568625 0.55289215625 0.34311274531249997 0.5534477125 0.5540441171875 0.585539215625 0.5747794125000001 0.583186275 0.3146568625
1 0.594934640625 0.3127450984375 0.5838235296875001 0.3120098046875 0.583186275 0.3146568625 0.585539215625 0.5747794125000001 0.5975490203125 0.57107843125 0.594934640625 0.3127450984375
1 0.605800653125 0.5013725484375 0.6064542484375 0.531274509375 0.5969117640625 0.5321568625 0.5970915031249999 0.5436274515624999 0.6120098046875 0.538039215625 0.6463235296875001 0.5368627453125 0.646813725 0.36784313750000003 0.5950490203125 0.3632598046875 0.59633986875 0.48911764687500003 0.5969771234375 0.502352940625 0.605800653125 0.5013725484375
1 0.7201960781250001 0.3252450984375 0.646813725 0.36784313750000003 0.6463235296875001 0.5368627453125 0.724591503125 0.55948529375 0.7201960781250001 0.3252450984375
0 0.7197712421875 0.563725490625 0.651143790625 0.5416666671875 0.6029411765625 0.5477941171875 0.6029411765625 0.5674019609375 0.6127450984375 0.5772058828125 0.60620915 0.58210784375 0.6102941171875 0.58823529375 0.7344771234375 0.6470588234375 0.7467320265625 0.6458333328125 0.776143790625 0.623774509375 0.7295751640625 0.6078431375 0.7254901953124999 0.5698529406249999 0.7197712421875 0.563725490625
0 0.23774509843749997 0.91176470625 0.188725490625 0.8921568625 0.1102941171875 0.8921568625 0.0955882359375 0.89460784375 0.09068627500000001 0.9044117640625 0.07679738593749999 0.8982843140625001 0.07271241875 0.9975490203125 0.18954248437500001 0.998774509375 0.25081699375 0.9509803921875 0.2549019609375 0.9399509796875 0.25 0.9252450984375 0.23774509843749997 0.91176470625
0 0.5678104578125 0.848039215625 0.5743464046875 0.828431371875 0.64133986875 0.8063725484375001 0.71486928125 0.7254901953124999 0.7426470593750001 0.705882353125 0.7549019609375 0.6825980390625 0.7344771234375 0.6666666671875 0.696895425 0.688725490625 0.667483659375 0.686274509375 0.6560457515625 0.715686275 0.57271241875 0.7720588234375 0.527777778125 0.8296568625 0.5318627453125 0.840686275 0.553104575 0.8455882359375 0.5040849671875 0.848039215625 0.43382352968750004 0.901960784375 0.276960784375 0.9607843140625001 0.26797385625 0.9914215687500001 0.2720588234375 1 0.40849673124999997 0.998774509375 0.5678104578125 0.8676470593750001 0.571895425 0.859068628125 0.5588235296875 0.84926470625 0.5678104578125 0.848039215625
0 1 0.72426470625 0.9468954249999999 0.6274509796875 0.919117646875 0.615196078125 0.7916666671875 0.6225490203125 0.758169934375 0.660539215625 0.76960784375 0.6899509796875 0.7573529406249999 0.71323529375 0.7197712421875 0.7426470593750001 0.6748366015625 0.7953431375 0.723039215625 0.8014705875000001 0.848856209375 0.78676470625 0.8880718953125 0.7647058828125 0.8954248359375001 0.748774509375 0.89133986875 0.7279411765625 0.9109477125 0.7254901953124999 0.98039215625 0.981617646875 0.9861111109375 0.9975490203125 1 0.998774509375 1 0.72426470625
0 0.6560457515625 0.8186274515624999 0.6135620921875 0.8578431375 0.6119281046875 0.8700980390625 0.597222221875 0.8700980390625 0.5939542484375 0.8799019609375 0.561274509375 0.8970588234375001 0.4509803921875 0.9938725484375001 0.7973856203125 1 0.973856209375 0.9963235296875 0.909313725 0.7524509796875 0.8717320265625 0.796568628125 0.6560457515625 0.8186274515624999
0 0.46323529375000005 0.840686275 0.48774509843749997 0.83823529375 0.57107843125 0.7524509796875 0.64133986875 0.7083333328125 0.6658496734375 0.6666666671875 0.6936274515624999 0.671568628125 0.7205882359375 0.6556372546875 0.615196078125 0.60539215625 0.5498366015625 0.5588235296875 0.3635620921875 0.561274509375 0.3537581703125 0.590686275 0.313725490625 0.606617646875 0.310457515625 0.6703431375 0.2475490203125 0.7794117640625 0.18055555625 0.78676470625 0.17320261406249998 0.7806372546875 0.1723856203125 0.6176470593750001 0.10212418281249999 0.6397058828125 0.07679738593749999 0.6360294125 0.0866013078125 0.6482843140625 0.0751633984375 0.653186275 0.079248365625 0.8725490203125 0.1102941171875 0.8627450984375 0.2116013078125 0.8725490203125 0.25245097968749997 0.89460784375 0.2736928109375 0.938725490625 0.28431372499999996 0.9375 0.366830065625 0.91176470625 0.438725490625 0.8774509796875 0.453431371875 0.8676470593750001 0.46323529375000005 0.840686275