1 1 0.4566632734375 0.97808695625 0.48506107500000006 0.94839945625 0.413701140625 0.9487785328125 0.6921009765624999 0.96250679375 0.68694421875 0.9715040765625 0.6862866453125 0.984230978125 0.6839841203125 1 0.6865838765625 1 0.4566632734375
1 1 0.3632797234375 0.9572961953125001 0.42398004843750003 0.9783138593749999 0.473532165625 1 0.44609324062500005 1 0.3632797234375
1 0.97771195625 0.319073696875 0.9396154890625 0.37463355 0.95460054375 0.41706636875 0.9965067937500001 0.35865024375 0.97771195625 0.319073696875
1 1 0.0712561078125 0.9514605984375001 0.09396987031250001 0.9497853265625 0.21989617187500002 0.9502948375000001 0.2466612375 0.9487785328125 0.35006718281250004 0.9784456515625 0.307237378125 1 0.35548860000000004 1 0.0712561078125
0 0.8823668484375 0.70447475625 0.8730964671875 0.708090390625 0.869032609375 0.710183225 0.8767785328125001 0.712465390625 0.8826209234375 0.712846090625 0.8915095109375001 0.713418159375 0.8962078796874999 0.7132267921875 0.8994157609375 0.7118892515625 0.8827853265625001 0.7075325734375 0.8835584234375 0.7063049671875 0.8823668484375 0.70447475625
0 0.307012228125 1 0.299349184375 0.9844523609375001 0.28664945625 0.9589210093749999 0.28372962031250004 0.944973534375 0.2915394015625 0.9353990234375 0.3017948375 0.9105781765625001 0.3402907609375 0.8376486156249999 0.3709769015625 0.792732084375 0.3910135875 0.7728745921875 0.43487364062499995 0.74557206875 0.49648369531250003 0.716140065625 0.553438859375 0.685643321875 0.586175271875 0.67016083125 0.6025842390625 0.662831840625 0.6144171203125001 0.6595215796875 0.6271956515625 0.6585769546875 0.6363464671875 0.6594035015624999 0.636188859375 0.6516021984375 0.6085788046875 0.6449837140625 0.6085788046875 0.6438008953125001 0.5588029890625 0.633281759375 0.55659375 0.63363599375 0.514706521875 0.6241795609375 0.48939402187500003 0.6318200328125 0.463161684375 0.6251669375 0.46161548906250005 0.625362378125 0.4584605984375 0.62453583125 0.45625135937500005 0.6247719875 0.4561779890625 0.640944625 0.4575828796875 0.64137215 0.45764809843750004 0.6434771984375 0.45839402187499995 0.6443648203125 0.4582404890625 0.6455802125 0.45764809843750004 0.6461074921875001 0.45839402187499995 0.6473228828125001 0.45839402187499995 0.6541612375 0.4494198375 0.6565614828124999 0.42351494531249995 0.663540309375 0.4120760875 0.6674409609375 0.4122336953125 0.6798534203125 0.3968519015625 0.6862357484375 0.39756114062500003 0.693090390625 0.221331521875 0.7583367265625001 0.214311140625 0.7510077359375 0.2020842390625 0.7558550484375 0.19025135937499998 0.7445073296875 0.17684103281250002 0.74911645 0.1630353265625 0.7337520359374999 0 0.783754071875 0 1 0.307012228125 1
1 0 0.1580008140625 0.18085054375 0.228106678125 0.17872146718749998 0.5767630296874999 0.1927214671875 0.5719299671875 0.195311140625 0.5697271984375 0.1979660328125 0.5684120515625 0.20483423906249998 0.56877239375 0.2053396734375 0.56919991875 0.20720516249999998 0.5702524437500001 0.2069415765625 0.5730476390625 0.20722690156249998 0.5730802125000001 0.22754619531250003 0.5707797234374999 0.2355339671875 0.5648941375 0.22144565156249998 0.56374185625 0.221095109375 0.390103828125 0.3859578796875 0.41676913750000005 0.3859578796875 0.3039922640625 0.4505828796875 0.3282573296875 0.4494198375 0.6421620515625001 0.4494198375 0.6565614828124999 0.45839402187499995 0.6541612375 0.45839402187499995 0.6473228828125001 0.45764809843750004 0.6461074921875001 0.4582404890625 0.6455802125 0.45839402187499995 0.6443648203125 0.45764809843750004 0.6434771984375 0.4575828796875 0.64137215 0.4561779890625 0.640944625 0.45688043437500003 0.40437500000000004 0.45729891250000004 0.3817121328125 0.45737500000000003 0.3320887625 0.45709918437499997 0.316848534375 0 0.1299144953125 0 0.1580008140625
1 0.5137078796875 0.362076546875 0.5135040765625 0.35282776875 0.45737500000000003 0.3320887625 0.45729891250000004 0.3817121328125 0.497782609375 0.39290105937500003 0.497706521875 0.3947842015625 0.4963097828125 0.39621131875 0.4945448375 0.40226180781250004 0.49425271718749997 0.4107491859375 0.4940490765625 0.5400513124999999 0.49397282656249997 0.540061075 0.49397282656249997 0.6049633546875001 0.5033831515625 0.6012337140625 0.493744565625 0.60519136875 0.4942649453125 0.6200529312499999 0.5141005437499999 0.6138884359375 0.5149904890625 0.36272190625 0.5137078796875 0.362076546875
1 0.48939402187500003 0.410903909375 0.463519021875 0.41465187343750004 0.463161684375 0.6251669375 0.48939402187500003 0.6318200328125 0.48939402187500003 0.410903909375
1 0.551644021875 0.410826546875 0.551644021875 0.4011074921875 0.5512894015625001 0.399515471875 0.55036820625 0.3972842015625 0.5494470109375 0.3958509765625 0.5483831515625 0.3936217421875 0.5483125 0.3918159609375 0.554550271875 0.39070032499999996 0.5546209234374999 0.3806107484375 0.551501359375 0.3802911234375 0.5473206515625 0.3784324109375 0.5471073375 0.3731229640625 0.5464334234375 0.37190146562500004 0.5466114125 0.34683631875 0.517904890625 0.3532634359375 0.5176209234375 0.3621315140625 0.5149904890625 0.36272190625 0.5141005437499999 0.6138884359375 0.551005434375 0.621325325 0.551644021875 0.410826546875
1 0.8824211953125 0.5898330625 0.8888668484375 0.5972190546875 0.889625 0.70176099375 0.8835584234375 0.7063049671875 0.8827853265625001 0.7075325734375 0.8994157609375 0.7118892515625 0.9188233703125 0.7034649843749999 0.9487785328125 0.6921009765624999 0.94839945625 0.413701140625 0.9339904890625 0.3739311890625 0.9487785328125 0.35006718281250004 0.9502948375000001 0.2466612375 0.8408749999999999 0.2735423453125 0.83999320625 0.36551099374999996 0.838813859375 0.4460871328125 0.8729415765624999 0.4477911234375 0.8790081515624999 0.392679153125 0.8790081515624999 0.38870317656250003 0.8972092390625 0.38870317656250003 0.9161684781250001 0.38870317656250003 0.9176847828125 0.43813314375 0.91503125 0.45972312656250003 0.9051725546875 0.4642691375 0.895313859375 0.4636991046875 0.8824211953125 0.4568811078125 0.873699728125 0.4494951140625 0.8395730875 0.44893947812499996 0.838581521875 0.4923615640625 0.8398165765625001 0.5758713359375001 0.8691494562500001 0.5796050484374999 0.8729415765624999 0.5830150656249999 0.8740788046875 0.5886950328125 0.8824211953125 0.5898330625
1 0.6189972828125 0.38559446249999996 0.618644021875 0.3870480453125 0.6183790765625 0.38823697031250004 0.6179388593749999 0.3910118078125 0.6177622281249999 0.391673453125 0.6173206515625 0.39180578125 0.616880434375 0.63546416875 0.6357527171874999 0.6394299671875 0.6353994562499999 0.6237052125 0.6357527171874999 0.61075529375 0.6361046203125 0.6078481265625 0.637074728125 0.60520561875 0.637074728125 0.6037520359374999 0.6388383156249999 0.5997882734375 0.641925271875 0.595956840625 0.6424538046875 0.592785015625 0.643688859375 0.5816856671874999 0.6446589671875 0.5765329796875001 0.6454524453125 0.57177524375 0.6465991843750001 0.5688680781250001 0.648362771875 0.567282165625 0.649862771875 0.5667548859375 0.6529483703125 0.56662255625 0.6534782609375 0.5621294781249999 0.6544483703124999 0.5598839578125 0.6757010875 0.5616001625 0.7142377718749999 0.5623941375 0.7166195656250001 0.5627890875 0.7175896734375 0.5708509765625001 0.7202350546875 0.57058631875 0.72208695625 0.5708509765625001 0.7240271734375 0.57296416875 0.72605570625 0.5746824109374999 0.7269375 0.576795603125 0.7281725546875 0.581421009375 0.729317934375 0.591993078125 0.7292296203124999 0.60005293125 0.7304646734375 0.60798045625 0.7314347828125001 0.6153807 0.73249320625 0.6181555375000001 0.7336399453125 0.6144564328125 0.735755434375 0.6127381921875 0.7384904890625 0.6104906359375 0.7572730984375 0.6065268734375 0.7664456515625 0.6053379484375 0.7682092390624999 0.6042813515625001 0.772706521875 0.5996559453125 0.7786141296875 0.5905394953124999 0.78390625 0.5836685671875 0.789550271875 0.580629071875 0.791313859375 0.5679438109375 0.8398165765625001 0.5758713359375001 0.8387581515625 0.49249389218750006 0.8364603828125 0.4921689515625 0.838581521875 0.4923615640625 0.83999320625 0.36551099374999996 0.8408749999999999 0.2735423453125 0.6047105984375001 0.329173453125 0.60568070625 0.3308896578125 0.613 0.3341938109375 0.6123831515625 0.3698717421875 0.5546209234374999 0.3806107484375 0.554550271875 0.39070032499999996 0.6179388593749999 0.380309446875 0.620230978125 0.3816307 0.6201426624999999 0.382687296875 0.6196141296875 0.3841408796875 0.6189972828125 0.38559446249999996
1 0.824037209375 0.4905160109375 0.8254415765625 0.3669645765625 0.6970421203125 0.38400855 0.6970421203125 0.4326364 0.670999496875 0.436939215625 0.6969538046875 0.4330313515625 0.695630434375 0.49143729687500004 0.824037209375 0.4905160109375