0 0.5552483328125 0.8048675 0.570205 0.8039474999999999 0.5870333328124999 0.8039474999999999 0.6004383328125 0.8065149999999999 0.6096116671875 0.8109724999999999 0.6157816671874999 0.8152375 0.6135200000000001 0.697015 0.5398733328125 0.696045 0.5400033328125 0.812815 0.5443633328125 0.80884 0.5552483328125 0.8048675
0 0.62393 0.6835424999999999 0.6233066671875 0.6844750000000001 0.6214366671875 0.68658 0.617075 0.69055 0.6166083328124999 0.6931225000000001 0.656175 0.693355 0.6578883328125 0.66555 0.622215 0.664615 0.62424 0.6744275 0.62424 0.6798025 0.62393 0.6835424999999999
1 0.17458 0.6182675 0.1741716671875 0.6137699999999999 0.1745116671875 0.6113175 0.17458 0.6073299999999999 0.1756016671875 0.60406 0.17607833281250002 0.6028325 0.1816666671875 0.6000725 0.199315 0.594655 0.199315 0.577485 0.1715133328125 0.5836175 0.1713083328125 0.6204125 0.1755333328125 0.6187775 0.17458 0.6182675
1 0.15018333281250001 0.6050725 0.1540433328125 0.6058399999999999 0.1575083328125 0.6061799999999999 0.1575083328125 0.58693 0.1423466671875 0.58974 0.1423466671875 0.6041375 0.14552666718750001 0.6050725 0.15018333281250001 0.6050725
1 0.1406533328125 0.5900075 0.138025 0.590745 0.1379583328125 0.6045975 0.1405883328125 0.6039575 0.1406533328125 0.5900075
1 0.4039116671875 0.566545 0.41276166718749996 0.568675 0.42577499999999996 0.57123 0.429465 0.573005 0.4307433328125 0.5742825 0.4329666671875 0.5777599999999999 0.43230500000000005 0.579605 0.4297016671875 0.5822325 0.42823500000000003 0.58351 0.4258683328125 0.5844325 0.42142166718749996 0.586065 0.41825 0.5884075 0.4259633328125 0.591245 0.42582166718750003 0.59955 0.42549000000000003 0.60026 0.4245433328125 0.6007575 0.4240716671875 0.60168 0.4354283328125 0.608565 0.43561666718750003 0.593305 0.4422416671875 0.5935175 0.4422416671875 0.60885 0.4355233328125 0.6086375 0.424165 0.6017525 0.4240716671875 0.6321325 0.4581416671875 0.63277 0.45837833281249996 0.579675 0.4597516671875 0.5769075 0.462165 0.5750625 0.4637733328125 0.5735725 0.46476666718750004 0.5713725000000001 0.46632833281249997 0.569385 0.46803166718749994 0.5606525 0.3723483328125 0.56037 0.37339 0.5671125 0.3946366671875 0.566545 0.39866 0.566545 0.4039116671875 0.566545
0 0.5362916671875 0.6923075 0.5364783328125 0.6875425 0.5301233328125 0.6799725 0.5306833328125 0.6662325 0.53573 0.6611849999999999 0.5011483328125 0.660905 0.5018966671875 0.6855800000000001 0.5005883328125 0.690345 0.5362916671875 0.6923075
1 0.0991883328125 0.514365 0.0983933328125 0.5135425 0.097325 0.5115274999999999 0.0967516671875 0.510255 0.0956533328125 0.509725 0.0936 0.5079575000000001 0.0925066671875 0.5071325 0.09176833281249999 0.5056925 0.0917633328125 0.5031925 0.093325 0.50362 0.09555 0.50362 0.09626 0.5038325 0.0978216671875 0.5047550000000001 0.0985783328125 0.5043300000000001 0.0987683328125 0.50362 0.0993833328125 0.5030525 0.1010383328125 0.5023424999999999 0.10236333281250001 0.50149 0.10293166718749999 0.50071 0.1037366671875 0.5024124999999999 0.1036883328125 0.5052525 0.1022216671875 0.508445 0.10184333281249999 0.5088725000000001 0.1036883328125 0.5088725000000001 0.1049666671875 0.5075225 0.10686 0.5064575 0.1088466671875 0.5048975 0.10861000000000001 0.465005 0.0908183328125 0.46464999999999995 0.091055 0.5168725000000001 0.10127 0.516375 0.0991883328125 0.514365
1 0.10116 0.45897249999999995 0.096625 0.45394500000000004 0.09418 0.4491525 0.09280000000000001 0.443475 0.10885 0.443415 0.108535 0.41170999999999996 0.09078833281250001 0.4105275 0.09075 0.4614575 0.10644499999999998 0.461575 0.10116 0.45897249999999995
1 0.1345733328125 0.446805 0.1340833328125 0.44925750000000003 0.132775 0.45158750000000003 0.13089333281249999 0.4549 0.12925833281250002 0.45784250000000004 0.1277866671875 0.4591925 0.12517 0.46091 0.1232883328125 0.46238250000000003 0.135555 0.462505 0.1352283328125 0.4128275 0.108535 0.41170999999999996 0.10885 0.443415 0.134655 0.4457 0.1345733328125 0.446805
1 0 0.35496 0.0714283328125 0.3705725 0.07113 0.5285775 0.085865 0.526755 0.08598 0.41045999999999994 0.08545833281250001 0.40824999999999995 0.0886133328125 0.4048 0.09133 0.40424 0.0875433328125 0.3793975 0.11024166718749999 0.38242 0.10962000000000001 0.33568 0 0.29969250000000003 0 0.35496
1 0.8043566671875 0.4223525 0.8035316671875 0.4223525 0.8020866671875 0.4223525 0.8011583328125 0.42219749999999995 0.7994033328125 0.42018500000000003 0.7986816671875 0.4184825 0.7979583328125 0.41755250000000005 0.7974433328125 0.41662499999999997 0.7966166671875 0.4144575 0.7965133328125 0.41523000000000004 0.7951716671875 0.42312500000000003 0.793625 0.44247500000000006 0.793005 0.45733499999999994 0.793005 0.46445499999999995 0.7931083328125 0.47498250000000003 0.79414 0.52049 0.8054683328125 0.520125 0.8062566671875 0.42252 0.8045633328124999 0.4223525 0.8043566671875 0.4223525
1 1 0.1559075 0.8058666671875001 0.311175 0.8053699999999999 0.39995250000000004 0.8069733328125 0.4009125 0.8095533328125001 0.40317 0.8105566671875 0.40488999999999997 0.8117749999999999 0.40693250000000003 0.8121333328125001 0.40876 0.8121333328125001 0.41262999999999994 0.8114883328125 0.4170375 0.8097683328124999 0.41961750000000003 0.8062566671875 0.42252 0.8054683328125 0.520125 0.8243883328124999 0.51905 0.8240299999999999 0.50916 0.822095 0.50873 0.8153583328125 0.3575925 0.822955 0.3515725 0.822955 0.332975 0.9322416671875 0.259555 0.9318116671875 0.3732875 0.9340333328125 0.372965 0.9350366671874999 0.374145 0.9356099999999999 0.3759725 0.9356099999999999 0.379305 0.9355383328125001 0.381885 0.9355383328125001 0.3843575 0.9364699999999999 0.387905 0.9363983328125001 0.3905925 0.9356099999999999 0.39457 0.9353233328125 0.398655 0.9367566671875001 0.3983325 0.9394083328124999 0.3981175 0.9401966671875 0.3972575 0.9394083328124999 0.37371750000000004 0.9427049999999999 0.3732875 0.9439949999999999 0.4403625 0.9448549999999999 0.449285 0.94593 0.4558425 0.9462166671875 0.462185 0.9473633328125001 0.49346500000000004 0.9483666671875 0.5264675000000001 0.9586133328124999 0.527435 0.9581833328125 0.5316275 0.9604766671875 0.5317350000000001 0.9609783328124999 0.53023 0.961695 0.5264675000000001 0.9624833328125 0.521415 0.9640599999999999 0.5167925 0.9650633328125 0.5150725 0.9658516671875 0.51389 0.9669266671875001 0.51174 0.9678583328125001 0.51002 0.9695066671875001 0.5084075 0.9698650000000001 0.5073325 0.9707250000000001 0.5060425000000001 0.9738066671875 0.5051825 0.9747383328125 0.5051825 0.9750966671875 0.5051825 0.9771033328125001 0.5058275 0.9778916671875001 0.5050749999999999 0.9791816671875001 0.5051825 0.9807583328125 0.50615 0.9824066671875 0.5049675 0.9829083328125 0.5049675 0.98384 0.5053975 0.9847716671875 0.5056125 0.9849866671875 0.5049675 0.9871366671875 0.5043225 0.9890716671875 0.5050749999999999 0.9897166671875001 0.5050749999999999 0.9901466671874999 0.5048600000000001 0.99115 0.504 0.9924383328124999 0.504 0.9945883328124999 0.5050749999999999 0.9960216671875 0.5042150000000001 0.9978133328125001 0.5037849999999999 0.9996766671874999 0.504645 1 0.5046325 1 0.1559075
0 0.544105 0.837355 0.5591333328125 0.8437474999999999 0.5777516671875 0.846775 0.6022016671875 0.8447575 0.6170066671875001 0.8393750000000001 0.6219416671875 0.8312975 0.6196983328125001 0.8245699999999999 0.609605 0.8168300000000001 0.5923316671875 0.8104374999999999 0.5746116671875 0.808755 0.55577 0.8101 0.5427583328125001 0.816495 0.5400666671875001 0.819185 0.540965 0.833655 0.544105 0.837355
0 1 0.8716125 0.9234416671875 0.8328625000000001 0.9252900000000001 0.7910275 0.9113049999999999 0.790305 0.9081699999999999 0.8068199999999999 0.9055183328125 0.816105 0.9014183328125001 0.8176724999999999 0.8977216671875 0.8535999999999999 0.8923366671874999 0.8527549999999999 0.8828516671875001 0.8499825 0.8796366671875001 0.8229775 0.79243 0.8515499999999999 0.78817 0.8886825 0.7810166671875 0.8914574999999999 0.7718533328125 0.8861525 0.767835 0.8457625 0.6797433328125 0.7917500000000001 0.6781366671875 0.816225 0.671545 0.81731 0.6653566671875 0.81502 0.6623016671874999 0.781865 0.6583633328125 0.7812625 0.6570783328124999 0.7155549999999999 0.65531 0.7138675 0.6550683328125 0.7091649999999999 0.6559516671875001 0.6980725 0.6167283328125001 0.69771 0.61898 0.8168274999999999 0.6214716671875 0.8197224999999999 0.6238016671875 0.8234575 0.6250883328125 0.8269550000000001 0.6248466671874999 0.8329825 0.622115 0.83672 0.6176933328125 0.841785 0.6111833328125 0.8464875 0.5953483328125 0.84938 0.5767816671875 0.8509475 0.5599033328125 0.848295 0.547205 0.8446775000000001 0.53563 0.8366 0.5324150000000001 0.8252675 0.5340233328124999 0.8171900000000001 0.5369966671874999 0.8135725 0.5365949999999999 0.6959025 0.5026766671875 0.6946975 0.500185 0.6946975 0.498015 0.6971075 0.4968883328125 0.7313475 0.4942366671875 0.730865 0.4955233328125 0.689755 0.4964866671875 0.6605775 0.4771166671875 0.6605775 0.47703666718750004 0.7767999999999999 0.4763133328125 0.78066 0.4759116671875 0.7823475 0.4750266671875 0.7841549999999999 0.474465 0.7849999999999999 0.472295 0.7859625 0.4705266671875 0.786085 0.46771333281249994 0.8196 0.4591133328125 0.8194800000000001 0.457345 0.79139 0.4272833328125 0.8036875 0.3905516671875 0.8208074999999999 0.35775833281249997 0.8337075 0.3539816671875 0.872045 0.3444166671875 0.8754225 0.3401566671875 0.8691525 0.3368616671875 0.8349125000000001 0.33236 0.83238 0.3295466671875 0.8284024999999999 0.2838933328125 0.7951275 0.2816433328125 0.8177925 0.2699083328125 0.8176724999999999 0.27031 0.8122475 0.2678183328125 0.792475 0.2674966671875 0.7858425 0.264845 0.7847575 0.26299666718750003 0.7812625 0.26171 0.773185 0.2560033328125 0.7167600000000001 0.254075 0.71664 0.2524666671875 0.71447 0.24869 0.67589 0.24595666718750003 0.67625 0.23824 0.6754075 0.23872333281250002 0.655875 0.2384016671875 0.6432175 0.22457666718749997 0.6488825 0.2236116671875 0.68228 0.22111999999999998 0.6827625 0.2179866671875 0.6827625 0.217825 0.6743224999999999 0.21694166718750002 0.67408 0.21678000000000003 0.6528625 0.20785833281250002 0.6553924999999999 0.20649166718749998 0.6566 0.20713499999999999 0.67625 0.20882333281249998 0.6986749999999999 0.2115566671875 0.71688 0.2130033328125 0.728575 0.2109133328125 0.728695 0.20593 0.728575 0.20175 0.7022925 0.1995 0.68035 0.198375 0.655755 0.1806116671875 0.655755 0.1808533328125 0.672635 0.1752266671875 0.6733575 0.17546666718749998 0.6555150000000001 0.1714483328125 0.6551525 0.170805 0.6713075 0.16526000000000002 0.6734775 0.1628483328125 0.67384 0.1622866671875 0.6796274999999999 0.15609666718749998 0.6810725 0.1552133328125 0.655875 0.15312333281249998 0.65443 0.1486216671875 0.6541875 0.1488633328125 0.664195 0.14773833281249998 0.6863775000000001 0.14604999999999999 0.7130225 0.144925 0.7259225 0.1381733328125 0.7261650000000001 0.13897666718749999 0.7365325 0.12885 0.741355 0.11816 0.7396675 0.11872166718749999 0.730385 0.11574833281250001 0.7293000000000001 0.1147833328125 0.7020525 0.11124666718750001 0.7009675 0.10923833281249999 0.666245 0.10602333281250001 0.67794 0.1012 0.6776975000000001 0.10361166718749999 0.66311 0.08166999999999999 0.670705 0.08118666718749999 0.7174825 0.0746766671875 0.7174825 0.0676833328125 0.7600425000000001 0.058440000000000006 0.7600425000000001 0.0644683328125 0.72725 0.062138332812499995 0.6798675000000001 0.0574766671875 0.6959025 0.0532966671875 0.6966249999999999 0.0574766671875 0.676975 0.05193 0.679145 0.0458216671875 0.6798675000000001 0.04124 0.6798675000000001 0.0332833328125 0.6763725 0.033765 0.7314700000000001 0.020745 0.734965 0.008688332812500001 0.734965 0.005553332812500001 0.7547375 0 0.7571725 0 1 1 1 1 0.8716125
1 0.1150383328125 0.40648249999999997 0.11669 0.38327 0.141245 0.3841075 0.13944 0.4080025 0.14202333281249999 0.4083775 0.1424566671875 0.5075999999999999 0.1568666671875 0.5041425 0.1568966671875 0.5029975 0.1655066671875 0.5016200000000001 0.16484666718750002 0.5042975000000001 0.1691766671875 0.5027999999999999 0.1697283328125 0.5039225 0.16933166718749998 0.50705 0.1688316671875 0.5091425 0.16813499999999998 0.51064 0.1671883328125 0.51325 0.16674 0.5152650000000001 0.1739566671875 0.5142175 0.1746016671875 0.5152650000000001 0.1740083328125 0.5169050000000001 0.16873 0.531275 0.165845 0.53657 0.16365000000000002 0.5414275 0.162555 0.543145 0.1611166671875 0.5458974999999999 0.1599716671875 0.5482875 0.1595683328125 0.5500825 0.2001266671875 0.549795 0.20216666718749998 0.532035 0.2030266671875 0.5260100000000001 0.203745 0.522795 0.24495 0.5236775 0.24473666718749998 0.3629425 0.6382833328124999 0.3525825 0.6385416671875 0.5288075 0.6519383328125 0.528875 0.6525983328125 0.528875 0.6547133328125 0.5298 0.6553816671875 0.5295575 0.6567016671875 0.5284325 0.6656366671875 0.5284 0.6719566671874999 0.566765 0.6734616671875 0.5681625 0.67432 0.5681625 0.6756866671874999 0.5681625 0.676905 0.5690225 0.6774766671875 0.5689124999999999 0.6794083328125 0.5682625 0.6804866671875 0.56999 0.6797683328125 0.5717075 0.6776166671875 0.5729974999999999 0.6781900000000001 0.5754625 0.6796283328125 0.5770825 0.6809866671875 0.626425 0.6824683328125001 0.6303325 0.6830933328125 0.6360925 0.7128083328125 0.6476 0.7246566671875 0.64771 0.7412116671875 0.6348024999999999 0.75612 0.6178899999999999 0.7702216671875 0.5967374999999999 0.783605 0.58327 0.7828116671875 0.5330925 0.78174 0.531055 0.7794433328125 0.52579 0.7780116671874999 0.5234225 0.777725 0.520835 0.7906 0.5200975 0.7891766671875 0.5069175 0.7860133328125001 0.478245 0.7837366671875 0.46400499999999995 0.7818133328125 0.45725499999999997 0.7785833328125 0.44776499999999997 0.7753316671875 0.44158749999999997 0.7716316671875 0.43599249999999995 0.7657083328125001 0.43024500000000004 0.759335 0.4265125 0.754035 0.424245 0.7524433328125 0.42738250000000005 0.7542333328125 0.430145 0.7547766671875 0.43245750000000005 0.7551300000000001 0.43455000000000005 0.7549316671875 0.4372375 0.7541816671875 0.44037499999999996 0.7529416671875 0.44276499999999996 0.7496533328125 0.445 0.7458216671875 0.4447025 0.742885 0.44276499999999996 0.7416433328125 0.440815 0.7410933328125 0.437315 0.740895 0.43500249999999996 0.7418933328125 0.4303675 0.7429883328125 0.42925500000000005 0.7461733328125 0.426335 0.7487566671875 0.42558749999999995 0.751305 0.426105 0.7533383328125 0.422065 0.7586016671875 0.4246075 0.7651283328125 0.42796500000000004 0.7707283328125001 0.43357 0.7744216671874999 0.43832750000000004 0.7781366671875001 0.44463749999999996 0.7834283328125 0.46027250000000003 0.78533 0.4692925 0.78696 0.4807975 0.7888166671875 0.496015 0.78922 0.4959725 0.7882816671875 0.48477249999999994 0.7834800000000001 0.45298249999999995 0.7772116671875 0.43396749999999995 0.7690116671875 0.41827500000000006 0.7612 0.4075075 0.7535883328125 0.399965 0.7447266671875 0.39463499999999996 0.7342733328125 0.38960249999999996 0.7240333328124999 0.38636499999999996 0.721795 0.38897499999999996 0.7221983328125 0.39142 0.7223516671875 0.3926425 0.722455 0.39501 0.722455 0.39708 0.7222500000000001 0.39861 0.7219416671875 0.39991 0.7199583328125 0.403575 0.7177133328124999 0.4045675 0.7156716671875001 0.40472 0.7136316671875 0.40425750000000005 0.7113916671875 0.40274 0.710835 0.40212250000000005 0.7095566671875 0.39991 0.7091466671875 0.39654 0.7099166671875 0.3917275 0.710835 0.38897499999999996 0.7113400000000001 0.3885125 0.7147033328125 0.3860675 0.7160833328125 0.3859125 0.7177633328125 0.3859125 0.7185783328124999 0.38636499999999996 0.7197016671875 0.38675000000000004 0.7209716671875 0.3868275 0.72363 0.3842275 0.73732 0.388555 0.7481266671875 0.393985 0.7567216671875 0.4001075 0.7638583328124999 0.40788 0.7710816671875 0.41922249999999994 0.7782833328125001 0.4342975 0.7820050000000001 0.4454625 0.7858283328125 0.46044999999999997 0.7885016671875 0.4827025 0.7918333328125 0.5204074999999999 0.7930083328124999 0.5201425000000001 0.79143 0.47247500000000003 0.7888983328125 0.4461225 0.7858666671875 0.42809749999999996 0.7835099999999999 0.41712999999999995 0.7804183328125001 0.40634 0.777145 0.3968375 0.7716683328125 0.38560500000000003 0.766845 0.3772025 0.7607166671875001 0.36976 0.75408 0.3641 0.7447716671875 0.360225 0.740535 0.35832 0.7393466671875 0.36105 0.7395966671875 0.36182 0.740785 0.36251500000000003 0.741805 0.3646175 0.74295 0.3686925 0.74295 0.36998000000000003 0.7428266671875 0.37175250000000004 0.7425316671875 0.3737125 0.7408366671875 0.377765 0.739875 0.37913 0.7376866671875 0.38041749999999996 0.7360433328125 0.3812 0.73194 0.38064 0.7306333328125 0.37968 0.7288633328125 0.37746749999999996 0.7282466671875001 0.373855 0.7285916671875 0.36817500000000003 0.7299866671874999 0.3640225 0.73183 0.36224 0.734655 0.36117 0.7354783328125001 0.36092749999999996 0.736505 0.3605875 0.7387516671875 0.36053250000000003 0.7394350000000001 0.35806499999999997 0.7387366671875 0.35740500000000003 0.7389433328125 0.35696500000000003 0.7391633328125 0.35669 0.73964 0.35636 0.7399116671875 0.3562825 0.741005 0.3568425 0.7460633328124999 0.3588925 0.7533316671875 0.3625925 0.7593583328125 0.36672 0.7654216671875 0.37383500000000003 0.7711766671875 0.382675 0.77989 0.40234249999999994 0.7843683328125 0.4172625 0.7873933328125 0.4328 0.7898366671875 0.44858000000000003 0.792495 0.47407000000000005 0.79237 0.44227 0.7957466671875 0.41474 0.79803 0.40390499999999996 0.8001150000000001 0.40124250000000006 0.80115 0.3995025 0.8015833328124999 0.3984875 0.80231 0.3958225 0.8039016671875 0.3955475 0.8046366671875 0.3995025 0.8053699999999999 0.39995250000000004 0.8058666671875001 0.311175 0.10962000000000001 0.33568 0.10980333281250002 0.3824125 0.11295999999999999 0.40595499999999995 0.1150383328125 0.40648249999999997
1 0.1105333328125 0.5042074999999999 0.1114316671875 0.5042074999999999 0.11233166718750001 0.5042074999999999 0.11273999999999999 0.5039625 0.11273999999999999 0.503595 0.11273999999999999 0.50298 0.1133133328125 0.5028575 0.11486666718750001 0.5031025 0.11781 0.5033475000000001 0.12214499999999999 0.5039625 0.1222266671875 0.5039625 0.1227166671875 0.5039625 0.123125 0.504085 0.12443333281249999 0.504085 0.12566 0.5039625 0.12754166718749999 0.503595 0.12885 0.5034725 0.1311383328125 0.5031025 0.13220166718749998 0.502735 0.133755 0.502245 0.1352283328125 0.5028575 0.135555 0.503595 0.1354733328125 0.4656925 0.10861000000000001 0.465005 0.1088466671875 0.5048975 0.1100416671875 0.5044525 0.1105333328125 0.5042074999999999