1 0.004065553125 0.6048550515625 0.0445948703125 0.6192078078125001 0.0436441375 0.603916475 0.004065553125 0.6048550515625
1 0 0.5835921359375 0.02410830625 0.5830367390625 0 0.572666475 0 0.5835921359375
1 0 0.569657003125 0.031703990625 0.582588978125 0.044515471875000004 0.5817508609375001 0.044975570312500004 0.5582778421875 0.011359934375 0.5430754875 0 0.5433625140625 0 0.569657003125
1 0 0.5299024109375 0.0452504078125 0.52940155 0.045802117187500005 0.526149540625 0 0.5043269234375 0 0.5299024109375
1 0 0.5014552234375 0.0457369703125 0.5230611359374999 0.0455842828125 0.4957376578125 0.04881921875 0.49627439687499997 0.04958061875 0.48071613125 0.027888843749999996 0.4699842140625 0 0.4662586109375 0 0.5014552234375
1 0.01923045625 0.5434601031249999 0.0451078984375 0.5551808265625 0.0448880296875 0.5440800796875 0.01923045625 0.5434601031249999
0 1 0.6599770375 0.946237784375 0.651657578125 0.9469197875 0.6535806546875 0.9489657984375001 0.6530998859375 0.9489657984375001 0.6540614234375 0.9489657984375001 0.6574253734375 0.9489657984375001 0.6583869109375 0.9482837953125 0.6583869109375 0.9469197875 0.6588676812500001 0.946237784375 0.6607893218750001 0.9455557812500001 0.6622316296874999 0.944191775 0.6636739375 0.9435097718750001 0.6641547078125 0.9428298046875 0.6641547078125 0.9046478015625 0.6689609640625 0.9046478015625 0.6771311703125 0.9244197875 0.674727325 0.9264657984375001 0.6756888640625001 0.9264657984375001 0.6766504015625 0.9019218234374999 0.681937428125 0.8978298046875001 0.6804951203125 0.8985118078125 0.678573478125 0.8985118078125 0.6776119406250001 0.8998758140625001 0.6699210671875 0.8105598531249999 0.681456659375 0.80987785 0.681456659375 0.8091978828125 0.6915499421875 0.80987785 0.6920307125 0.80987785 0.6953946609375 0.7737438921875001 0.69972015 0.7716978828125 0.6987586109375 0.7716978828125 0.6973177374999999 0.8023798859375001 0.6910691734375 0.8030618890625 0.6824181968749999 0.7785158796875 0.685782146875 0.708973940625 0.67088260625 0.6551119703125 0.65934845 0.6319299671875 0.6540614234375 0.6298839578125001 0.6526191156250001 0.6298839578125001 0.651657578125 0.5542060265625001 0.6357979328125001 0.5323880296875 0.63051090625 0.5126160421875 0.6266661890624999 0.5064800484374999 0.62522388125 0.5051160421875001 0.623300803125 0.5030700328125 0.6237815734375001 0.5003440546875 0.623300803125 0.4982980453125 0.6223407 0.4969340390625 0.623300803125 0.49557206875000004 0.6242623421875 0.49216205156250004 0.6247431109375 0.47648004843749997 0.62522388125 0.47648004843749997 0.6290686 0.48807206875000003 0.6333940874999999 0.48807206875000003 0.634355625 0.4867080625 0.634355625 0.47239006562499997 0.6314724453125 0.47239006562499997 0.6257046500000001 0.33398615625 0.6353171640624999 0.334668159375 0.6396426515625 0.34284812656249997 0.643968140625 0.3421661234375 0.644929678125 0.340804153125 0.6454104484375 0.3292121328125 0.641084959375 0.3292121328125 0.6391618828125 0.3292121328125 0.63291331875 0.312168159375 0.62618541875 0.31285016250000003 0.63291331875 0.31012215 0.6333940874999999 0.30262215000000003 0.6300301375 0.301940146875 0.6285878296875 0.303304153125 0.6285878296875 0.30875814375 0.6300301375 0.309440146875 0.62522388125 0.2951241859375 0.619456084375 0.2944421828125 0.619456084375 0.284896171875 0.619456084375 0.2828501625 0.7324024109375 0.30466815937499997 0.7314408718750001 0.282168159375 0.7948837546874999 0.2808061890625 0.8467910453125 0.2903501625 0.8482333531249999 0.298532165625 0.8506357640625 0.30466815937499997 0.8564035593750001 0.30466815937499997 0.8626521234375 0.30262215000000003 0.8698607921875 0.292396171875 0.8761093578124999 0.2794421828125 0.8818757171874999 0.2610342015625 0.8852411015625 0.24330618906249998 0.885721871875 0.22626221562499998 0.8842795640625001 0.21671620468750002 0.8780309984375 0.21535219843750003 0.87082233125 0.21944421875 0.8612098156249999 0.2330802125 0.8535189437499999 0.2405802125 0.8506357640625 0.241262215625 0.8006515500000001 0.21944421875 0.7698909296875 0.10558428281250001 0.727596153125 0.100812296875 0.726634615625 0.0980842828125 0.7251937421875 0.0905842828125 0.722309128125 0.093312296875 0.7203874859375 0 0.709347015625 0 1 1 1 1 0.6599770375
0 0.055775651562499994 0.66041331875 0.191176709375 0.668300803125 0.121993078125 0.6480195171875 0.0566897390625 0.6494690015625 0.055775651562499994 0.66041331875
0 0.2033693 0.6683481625 0.243921009375 0.6703932265625 0.24314535781250002 0.6550373140625 0.23640879531249998 0.6551176812499999 0.2303135171875 0.6551176812499999 0.22305170937500002 0.6542494265625 0.2157919375 0.651914465625 0.20455822499999998 0.64864810625 0.1902870515625 0.6464107343750001 0.17985138437499998 0.646232778125 0.16743078125 0.6465714703125001 0.1304397390625 0.6478587828125 0.1358978015625 0.6495651546875 0.1757410421875 0.661363375 0.2033693 0.6683481625
0 0 0.6584026984375 0.0433021171875 0.66036021875 0.0433021171875 0.6502999421875 0 0.6511036171875 0 0.6584026984375
1 0 0.62634471875 0.043802931249999996 0.626115096875 0.043802931249999996 0.6224153265625 0.0223798859375 0.6149712968750001 0.0225549671875 0.6176205515625 0.0085219875 0.6184026984375001 0.0082369703125 0.6100531 0 0.6068340984375 0 0.62634471875
1 0 0.44273105625 0.0083591203125 0.44724454687500004 0.0483631921875 0.44647101093749997 0.047815553125 0.4317910453125 0.24344869687499998 0.4414494828125 0.24344869687499998 0.4360404703125 0.18810260625 0.3848564875 0.1650855046875 0.367665040625 0.011372150000000001 0.35414466093749997 0 0.3601105046875 0 0.44273105625
1 0.555918159375 0.512304821875 0.5554112375 0.5115442015625 0.554454396875 0.510100459375 0.55642508125 0.5099210671875001 0.55820846875 0.5099210671875001 0.5599368890624999 0.509657003125 0.5613355046875 0.5088892078125 0.5630537453125 0.508353903125 0.5650366453125 0.5079893796875 0.5656087140625 0.5081745125 0.5653440546875 0.5092078078125 0.562801303125 0.5103716984375 0.5622292343749999 0.5110935703124999 0.5617223124999999 0.5119862234375 0.5622292343749999 0.5125301375 0.5635057 0.5122574625 0.56451954375 0.5106429390625 0.5653440546875 0.5106429390625 0.5648371328125 0.5117695171875 0.564332246875 0.512623421875 0.565156759375 0.51288605 0.566555375 0.51333668125 0.5674470687500001 0.513607921875 0.5682186484375 0.513607921875 0.568471090625 0.5123507468749999 0.5689780125 0.5122574625 0.5703868078125 0.512304821875 0.5717854234375 0.51320465 0.5729315953125 0.513384040625 0.57331636875 0.512623421875 0.5740757328125 0.5122574625 0.5754865640625 0.51207950625 0.5768851796875001 0.51207950625 0.5782837953125 0.5124368546875 0.5791754890624999 0.51302669375 0.579714984375 0.5119546500000001 0.579637621875 0.40398966718749996 0.3943037453125 0.3880295640625 0.3928074109375 0.3898536171875 0.39144136875 0.3907620546875 0.390484528125 0.3915155 0.38767508125 0.393152984375 0.34626221562500004 0.4126047640625 0.283387621875 0.441729334375 0.2837174265625 0.4430884046875 0.5530883546875 0.4562299078125 0.5536828171875 0.5135619984375001 0.555598534375 0.51320465 0.555918159375 0.512304821875
1 1 0.2875516640625 0.8533143328125 0.32550373125 0.8510016281249999 0.3814710109375 0.8228114828124999 0.3867494265625 0.8210504890625 0.3853516078125 0.7556433218749999 0.3773564875 0.753220684375 0.37883180312500003 0.7498065953124999 0.3785978765625 0.7459527687499999 0.3779004015625 0.744301709375 0.37689006875 0.7446315140624999 0.37603759999999997 0.6855008140625001 0.36889494843750004 0.5991714171875 0.3907075203125 0.579637621875 0.40398966718749996 0.579714984375 0.5119546500000001 0.5821030125 0.51179965625 0.582984528125 0.512653559375 0.582984528125 0.513274971875 0.5833143328125 0.514361365625 0.5839759765625 0.5144388640625001 0.5848574921874999 0.5142063718750001 0.585956840625 0.5135074625 0.5861787453125 0.512653559375 0.5861787453125 0.511877153125 0.586948290625 0.5107907578125 0.5899226390625001 0.5113346734374999 0.590582246875 0.511877153125 0.5917935671875 0.5121885765624999 0.5928949515624999 0.5120335828125 0.594546009375 0.5120335828125 0.5950977203125001 0.512498565625 0.5954275250000001 0.5135849593749999 0.5954275250000001 0.514361365625 0.5946559453125 0.5159916765625 0.5944360750000001 0.5173894953125 0.5952076546875 0.518009471875 0.596748778125 0.5184758890625 0.5959771984375 0.518630884375 0.5939963359375 0.518940871875 0.5946559453125 0.520028703125 0.5947658796875 0.520028703125 0.5959771984375 0.519562284375 0.5978501625 0.5197947765625 0.5977402281249999 0.5204161890625 0.5970785828125 0.5212700921875 0.5954275250000001 0.5221239953125 0.5954275250000001 0.5229004015625 0.59763029375 0.522588978125 0.598951546875 0.52344288125 0.5986217421875 0.4550574046875 0.8029926703125 0.42703501718750003 0.8038721499999999 0.5695522390625001 0.8574979640624999 0.5729664171875 0.8562866453125 0.4198938 1 0.4000932828125 1 0.2875516640625