1 1 0.44492647031250004 0.8577777781249999 0.46573529375 0.8547385625 1 1 1 1 0.44492647031250004
1 0.43310457500000005 0.760882353125 0.44349673125000005 0.7364950984374999 0.44166666718750003 0.21330882343750002 0.4190849671875 0.2454901953125 0.420016340625 0.7536764703125 0.4252614375 0.7573774515625 0.43310457500000005 0.760882353125
1 0.6009803921875 0.0642401953125 0.5936764703125 0.06284313750000001 0.5892156859375001 0.0564950984375 0.5868627453124999 0.050122548437500004 0.5473202609375 0.1012990203125 0.540669934375 0.83698529375 0.60370915 0.8750980390624999 0.6009803921875 0.0642401953125
0 0.7135457515625 1 0.3775980390625 0.7547058828125001 0.3764705875 0.7411519609375 0.3573202609375 0.7247058828124999 0.3119934640625 0.7377450984375 0.298431371875 0.715686275 0.2950326796875 0.698725490625 0.288643790625 0.6875 0.24130718906249998 0.6938235296874999 0.23735294062499998 0.7275735296875 0.20455882343749998 0.7275735296875 0.20455882343749998 0.7682843140625 0.1219934640625 0.77676470625 0.124248365625 0.92267156875 0.1050326796875 0.9260539218750001 0.09271241875 0.9486274515625001 0.092483659375 0.9492647062499999 0.041176470312500005 0.96176470625 0 0.9627450984375001 0 0.9690441171874999 0 1 0.1978594765625 1 0.7135457515625 1
1 0.1064542484375 0.11416666718749999 0.10498365937500001 0.1778431375 0.387483659375 0.2378431375 0.47140522812499996 0.1397794125 0.10792483593749999 0.0343872546875 0.08498365937499999 0.0270588234375 0.08498365937499999 0.111225490625 0.1064542484375 0.11416666718749999
1 0.41021241875000003 0.29500000000000004 0.39326797343750003 0.311102940625 0.3995588234375 0.74517156875 0.4138888890625 0.7525000000000001 0.41021241875000003 0.29500000000000004
1 0.36297385625 0.6777696078125001 0.3573202609375 0.7247058828124999 0.37308823593749996 0.7236519609375 0.373594771875 0.5240931375 0.33650326875 0.5316911765625 0.3373366015625 0.625882353125 0.36392156875000004 0.6325980390625 0.36297385625 0.6777696078125001
1 0.1553431375 0.51142156875 0.155 0.525147059375 0.149248365625 0.5236274515625 0.1414542484375 0.462132353125 0.1482189546875 0.4067156859375 0.151274509375 0.36453431406250003 0.127565359375 0.3604656859375 0.129591503125 0.5785049015625 0.173643790625 0.5652941171875 0.1716013078125 0.5409068625 0.172957515625 0.5129411765625 0.1644934640625 0.48296568593750006 0.1634803921875 0.45196078437500004 0.16178104531249998 0.425539215625 0.1594117640625 0.3950490203125 0.159068628125 0.3752205875 0.15263071875 0.4168872546875 0.149248365625 0.4438235296875 0.1499183 0.4804166671875 0.1553431375 0.51142156875
1 0.1654411765625 0.4422303921875 0.16712418281250002 0.4597549015625 0.1698856203125 0.48549019531250004 0.174460784375 0.5040931375000001 0.1769117640625 0.516617646875 0.1765849671875 0.54482843125 0.17903594843749998 0.564436275 0.19194444375 0.5587990203125 0.18866013125 0.35583333281249996 0.1652450984375 0.3546568625 0.1634640515625 0.3808088234375 0.164852940625 0.41977941249999995 0.1654411765625 0.4422303921875
1 0.21998365937500003 0.56085784375 0.24418300624999997 0.5529656859375 0.24444444375000002 0.5766666671875 0.2410294125 0.5770098046875 0.239983659375 0.5655882359375 0.204983659375 0.5766666671875 0.20447712343750002 0.6895098046875 0.2107679734375 0.6654166671875 0.23130718906249997 0.6674019609374999 0.24130718906249998 0.6938235296874999 0.288643790625 0.6875 0.2965196078125 0.6737009796875 0.29671568593750003 0.367352940625 0.20202614375 0.35825980468749996 0.20447712343750002 0.5545588234375 0.21918300624999998 0.5545588234375 0.21998365937500003 0.56085784375
1 0.4707843140625 0.7199019609375 0.48163398749999997 0.7437990203125 0.48166666718749995 0.1759803921875 0.4752287578125 0.1820833328125 0.4684477125 0.20495097968749998 0.46099673125 0.2130882359375 0.45150326874999996 0.25526960781249997 0.4511274515625 0.7239705875 0.4565522875 0.7214215687500001 0.4707843140625 0.7199019609375
1 0.5370098046875 0.1050980390625 0.5174019609375 0.13127450937500001 0.509068628125 0.146225490625 0.49648692812500006 0.1579901953125 0.491813725 0.8080882359375 0.5351143796875 0.828210784375 0.5370098046875 0.1050980390625
0 0.12176470625 0.7618872546875 0.13893790781249998 0.756397059375 0.13947712343750002 0.750367646875 0.14021241874999998 0.7489950984375 0.1473366015625 0.746813725 0.1566503265625 0.7462500000000001 0.1683496734375 0.748186275 0.17728758125 0.7484558828125001 0.19336601250000002 0.74323529375 0.1930065359375 0.7029656859375 0.1133660125 0.7076225484374999 0.1133660125 0.7520098046875 0.1228594765625 0.7531127453125 0.12176470625 0.7618872546875
1 0 0 0.0004901953125 0.9615196078125001 0.09271241875 0.9486274515625001 0.08444444375 0 0 0
1 0.636813725 0 0.6340359484375 0.038774509375 0.6150653593750001 0.0601225484375 0.616748365625 0.8839705875 0.6967156859375 0.930710784375 0.6920261437499999 0 0.636813725 0
1 0.714379084375 0 0.7156535953125001 0.9418627453124999 0.828039215625 0.9986274515625 0.8275490203125001 0 0.714379084375 0