1 0.6218116671875 0.4013725 0.6219316671875 0.40092 0.6228033328125 0.3993775 0.6228933328124999 0.39724750000000003 0.6213233328125 0.3947125 0.6212933328125 0.38743249999999996 0.6237199999999999 0.386835 0.6274533328125 0.3866775 0.629565 0.38712749999999996 0.6297900000000001 0.39558 0.62949 0.39603 0.6288883328125 0.3963675 0.6282866671875 0.3983975 0.63009 0.40144 0.629715 0.4118075 0.654955 0.4116925 0.6552566671875 0.4049325 0.6551066671875 0.4024525 0.654805 0.4005375 0.654805 0.3986225 0.6554066671875 0.39546749999999997 0.6568333328125 0.3942275 0.657435 0.394115 0.6598383328125 0.3937775 0.6618666671875 0.3937775 0.66367 0.3946775 0.664045 0.3963675 0.6651716671875 0.399185 0.6657733328125001 0.398735 0.6659233328124999 0.3820575 0.676365 0.3799175 0.67644 0.4056075 0.6762900000000001 0.4110175 0.6845 0.411325 0.6842533328125 0.367635 0.60536 0.3673525 0.60545 0.4122125 0.6216616671875 0.41184000000000004 0.6218116671875 0.4013725
1 0 0 0 0.772975 0.0055333328125 0.7689025 0.0044466671875 0.7497825 0.026750000000000003 0.7386025 0.028339999999999997 0.7573025 0.005555 0.768935 0 0.7732625 0 0.793005 0.03605 0.771655 0.0346166671875 0.6681524999999999 0.0351316671875 0.6643775 0.039015 0.6611875 0.0458183328125 0.657965 0.0527233328125 0.65516 0.0602766671875 0.6522224999999999 0.06400333281250001 0.651385 0.0680216671875 0.65083 0.07174833281250001 0.6502749999999999 0.0713566671875 0.5561075 0.0705166671875 0.5560075 0.070215 0.5508375 0.0779816671875 0.5484025 0.0917333328125 0.5481675 0.0914316671875 0.54199 0.0463566671875 0.544205 0.04668 0.4693575 0.056013332812500004 0.46684000000000003 0.06709166718750001 0.46433749999999996 0.0680316671875 0.2945 0.0754183328125 0.29517000000000004 0.2240633328125 0.3662075 0.22295500000000001 0.5196824999999999 0.1361383328125 0.52633 0.136295 0.5389025000000001 0.09461 0.541805 0.09505833281250001 0.547815 0.112425 0.547295 0.11280666718750001 0.5523125 0.119565 0.5496274999999999 0.1248583328125 0.5496274999999999 0.1448783328125 0.5473125 0.1518716671875 0.5460524999999999 0.1701466671875 0.543265 0.191745 0.53823 0.1991966671875 0.5383475 0.209225 0.53776 0.2245883328125 0.537155 0.2270733328125 0.5367525 0.23085499999999998 0.5359475 0.23269166718749998 0.535545 0.23420166718750002 0.5354599999999999 0.23554499999999998 0.5351250000000001 0.23749166718749998 0.534655 0.2387333328125 0.5341675 0.24001999999999998 0.5338325 0.24142999999999998 0.5332775 0.24218 0.5329425 0.24326666718749998 0.532625 0.24439666718750003 0.53254 0.2464 0.5317350000000001 0.2476866671875 0.532305 0.2481233328125 0.5344875 0.2487716671875 0.53813 0.24974500000000002 0.5411175 0.2500583328125 0.541605 0.24979 0.5370725000000001 0.24979 0.534975 0.2500583328125 0.5335975000000001 0.2510883328125 0.53254 0.25158 0.5327075 0.2539533328125 0.5335975000000001 0.254815 0.53457 0.25686333281249996 0.536435 0.25881 0.5367525 0.2622233328125 0.5386325000000001 0.2658933328125 0.53615 0.2668666671875 0.53526 0.2700116671875 0.5332275 0.272865 0.531265 0.27548333281250004 0.52873 0.275595 0.53306 0.2761666671875 0.5366025 0.277095 0.5408825 0.276905 0.5194625 0.272115 0.5189925 0.27204833281249996 0.48293749999999996 0.2770616671875 0.4822325 0.2759983328125 0.27204 0.31272666718750003 0.2714525 0.08775 0 0 0
1 0.2759983328125 0.27204 0.2770616671875 0.4822325 0.2934333328125 0.4820725 0.29154833281250003 0.297285 0.38889999999999997 0.297285 0.4030316671875 0.27104 0.31272666718750003 0.2714525 0.2759983328125 0.27204
1 0.2999616671875 0.5243625 0.2999616671875 0.5452950000000001 0.32166666718750003 0.545875 0.32283 0.5673874999999999 0.322055 0.6046 0.322055 0.6266925 0.4030666671875 0.6284375 0.4030316671875 0.27104 0.38889999999999997 0.297285 0.38911666718750004 0.524825 0.2999616671875 0.5243625
1 0.635825 0.464895 0.6367016671875 0.45175 0.6390383328125 0.4358725 0.6425533328124999 0.435655 0.6440883328125 0.436025 0.6452483328125 0.4451525 0.64615 0.45671249999999997 0.6468066671875 0.4552125 0.6475883328125 0.454365 0.6488066671875 0.454235 0.6503716671875 0.454365 0.6510666671875 0.4539075 0.6510666671875 0.451755 0.6527583328125 0.4508425 0.6532366671875 0.45384250000000004 0.65724 0.454365 0.6576316671875 0.4552125 0.6580216671875 0.4612775 0.6577583328125 0.46375500000000003 0.6560183328125 0.46845 0.68406 0.46871 0.6843533328125 0.4209975 0.6055633328125001 0.4209875 0.6055433328125 0.46846 0.6370166671875 0.46827500000000005 0.635825 0.464895
1 0.6437633328125 0.5209699999999999 0.6418416671875 0.51159 0.64213 0.507625 0.642455 0.5035499999999999 0.64397 0.4983575 0.6455533328125 0.500095 0.6466866671875 0.5008475 0.6484716671874999 0.50142 0.650105 0.50142 0.651995 0.5008475 0.65353 0.50002 0.6546566671875 0.4992025 0.655595 0.502245 0.6561083328125 0.5067725000000001 0.6561716671875 0.511795 0.6558083328125 0.514555 0.6547816671875 0.5190925 0.6533100000000001 0.5237025 0.6841733328124999 0.5237675 0.6842666671875001 0.47466749999999996 0.6056516671875001 0.47492999999999996 0.6051766671875 0.524875 0.6447083328125001 0.5239550000000001 0.6437633328125 0.5209699999999999
1 0.6954433328125 0.47372500000000006 0.6842666671875001 0.47466749999999996 0.6841733328124999 0.5237675 0.6955483328125001 0.5250575000000001 0.6954433328125 0.47372500000000006
1 0.6955783328125 0.41685 0.6843533328125 0.4209975 0.68406 0.46871 0.6952666671875 0.46859 0.6955783328125 0.41685
1 0.6955583328125 0.35960749999999997 0.6842533328125 0.367635 0.6845166671875 0.41135 0.6953766671875 0.41145 0.6955583328125 0.35960749999999997
1 0.6957283328125 0.3023225 0.684425 0.3136675 0.6843116671875 0.3544375 0.6956783328125 0.3544275 0.6957283328125 0.3023225
0 1 0.8064724999999999 0.9297116671874999 0.7656275 0.9297116671874999 0.7857225 0.918325 0.7847175 0.9149749999999999 0.7545775 0.90359 0.747545 0.8433083328125001 0.747545 0.8131666671875 0.7485475 0.8875133328125001 0.80883 0.6591133328125001 0.809835 0.6597833328125 0.8721249999999999 0.6537550000000001 0.8721249999999999 0.652415 0.8691125 0.652415 0.8520325 0.63835 0.8500225 0.624285 0.8439949999999999 0.6102183328125 0.8369624999999999 0.5995016671875 0.82792 0.5948133328125 0.8208875000000001 0.5941433328125 0.8178725 0.4012416671875 0.8168675000000001 0.3952133328125 0.826915 0.3844966671875 0.8349525 0.3711016671875 0.84299 0.35569666718750004 0.8480125 0.34498 0.8500225 0.34565 0.8701174999999999 0.3396216671875 0.8711225 0.3376116671875 0.80883 0.128635 0.8058175000000001 0.129975 0.7997875 0.11591 0.80883 0.096485 0.8158625 0.0723716671875 0.8198825 0.0496 0.8198825 0.0388833328125 0.8118449999999999 0.0355333328125 0.8058175000000001 0.03605 0.771655 0 0.793005 0 1 1 1 1 0.8064724999999999
1 0.30755 0.31403 0.2959216671875 0.3034825 0.2960116671875 0.3545975 0.30755 0.3547325 0.30755 0.31403
1 0.9783250000000001 0 0.716 0.27235 0.7163983328125 0.300985 0.7941633328125 0.2335025 0.78899 0.568945 0.8145083328125 0.569595 0.8199866671875 0.5577275 0.822855 0.2055275 1 0.0481375 1 0 0.9783250000000001 0
1 0.69944 0.5436475 0.7112833328125 0.5444549999999999 0.71236 0.5420325 0.7135 0.30355 0.7163983328125 0.300985 0.716 0.27235 0.4030316671875 0.27104 0.4030666671875 0.6284375 0.44453 0.6288425 0.44453 0.6256125 0.44533833281249996 0.622785 0.44722166718749995 0.6203624999999999 0.45099 0.6183425 0.455835 0.616325 0.462565 0.614305 0.472255 0.6122875 0.48194499999999996 0.611075 0.488945 0.6106725 0.488945 0.607845 0.452605 0.607845 0.45233666718750004 0.56101 0.5384733328125 0.5614125 0.5382033328125 0.60825 0.5260900000000001 0.60825 0.52636 0.611075 0.5287816671875001 0.6106725 0.53955 0.6122875 0.5500466671875001 0.614305 0.5583916671875 0.616325 0.5632366671875 0.6183425 0.5675433328125 0.6203624999999999 0.5713116671875 0.6235925 0.5723883328125 0.6256125 0.5723883328125 0.6300525 0.5890783328125 0.6304575 0.645605 0.6292449999999999 0.645605 0.5501075 0.645605 0.5452625 0.6464116671875 0.5436475 0.69944 0.5436475
1 0.317185 0.4104775 0.31936333281249996 0.41043250000000003 0.3197533328125 0.40998 0.3200833328125 0.40957499999999997 0.32075333281249996 0.40926 0.32144333281250004 0.40917000000000003 0.322045 0.40899 0.3216533328125 0.40771499999999994 0.3216533328125 0.40717499999999995 0.321895 0.4061825 0.322015 0.4059925 0.3214733328125 0.40437 0.3211733328125 0.40419 0.320325 0.40341250000000006 0.320235 0.402195 0.318755 0.402015 0.3185733328125 0.40047 0.3194833328125 0.40029000000000003 0.3191983328125 0.3712175 0.31992666718749996 0.3708575 0.3223983328125 0.3706775 0.3252966671875 0.3707225 0.3280316671875 0.37142 0.3275966671875 0.3989725 0.32875333281249997 0.3987475 0.3289116671875 0.3926725 0.329955 0.391635 0.3303 0.3912425 0.3343416671875 0.38993500000000003 0.336385 0.3907225 0.3393 0.3948025 0.3390366671875 0.39567 0.33794 0.40013249999999995 0.3379933328125 0.4056875 0.3385716671875 0.407095 0.33794 0.4116375 0.36053 0.41108500000000003 0.36006333281249997 0.40451499999999996 0.36178499999999997 0.40162000000000003 0.36006333281249997 0.398565 0.3599583328125 0.3923 0.36841 0.39238 0.3684633328125 0.399265 0.36705 0.4020825 0.3682516671875 0.40545 0.3687183328125 0.4116375 0.38520666718749996 0.4114 0.3853433328125 0.36785999999999996 0.3077666671875 0.367625 0.307945 0.41122 0.317305 0.41157000000000005 0.317185 0.4104775
1 0.3077666671875 0.367625 0.29607 0.3607825 0.296725 0.41169 0.307945 0.41122 0.3077666671875 0.367625
1 0.3372266671875 0.3504725 0.336505 0.343035 0.33686666718749997 0.34006 0.33975 0.33411 0.3438966671875 0.330055 0.3498466671875 0.3293775 0.354445 0.3322175 0.3570583328125 0.336005 0.35805 0.3411425 0.35904166718749997 0.346685 0.3588616671875 0.3508775 0.3585016671875 0.3543925 0.3850033328125 0.354935 0.38482333281250003 0.3132875 0.30755 0.31403 0.30755 0.3547325 0.3383083328125 0.354665 0.3372266671875 0.3504725
1 0.3104533328125 0.511385 0.3155016671875 0.5107075 0.3156816671875 0.5223375 0.3850033328125 0.524365 0.3850033328125 0.4731175 0.3082616671875 0.473435 0.3081583328125 0.482435 0.3104533328125 0.4827175 0.3104533328125 0.511385
1 0.6353566671875 0.353215 0.6352933328125 0.3521825 0.6362333328124999 0.35021 0.6367966671875 0.3473 0.6368583328125 0.3448575 0.6364833328125 0.342605 0.6362949999999999 0.34129 0.6369833328125 0.3371575 0.6366083328125 0.3350925 0.6363583328125 0.3343425 0.6362333328124999 0.33396499999999996 0.6358566671875 0.33359 0.6354816671875 0.3333075 0.6356066671875 0.3330275 0.636045 0.3324625 0.6362949999999999 0.33171249999999997 0.6364833328125 0.32992750000000004 0.6363583328125 0.3296475 0.6352933328125 0.3264525 0.6352933328125 0.3253275 0.6352933328125 0.3242 0.6358566671875 0.32345 0.6371083328125 0.32175750000000003 0.6372966671875 0.3213825 0.637985 0.319035 0.6388616671875 0.319035 0.6396133328125 0.3197875 0.6399883328125 0.321195 0.6400516671875 0.32232249999999996 0.64049 0.32326 0.6412416671875001 0.32326 0.6415533328125 0.323825 0.6415533328125 0.3243875 0.640365 0.32805 0.6399883328125 0.329835 0.6415533328125 0.3320875 0.6413033328125 0.332275 0.64049 0.3354675 0.6399883328125 0.339975 0.6397383328124999 0.3423225 0.6395500000000001 0.346455 0.64074 0.3504925 0.6414916671875 0.35162 0.6418666671875 0.35133749999999997 0.6431183328125 0.3453275 0.643745 0.34335499999999997 0.64506 0.3414775 0.6456233328125001 0.340445 0.6468116671875 0.33894250000000004 0.6475633328125 0.33791000000000004 0.648065 0.337065 0.648565 0.334905 0.6483766671875 0.3334025 0.654825 0.333215 0.6550133328125 0.337065 0.656265 0.33885 0.6585183328124999 0.34129 0.6602716671875 0.3448575 0.6618999999999999 0.354625 0.6843116671875 0.3544375 0.684425 0.3136675 0.6055366671875 0.31330749999999996 0.605495 0.355095 0.635795 0.3547175 0.6353566671875 0.353215
0 0.1518083328125 0.7703225 0.14567000000000002 0.7863100000000001 0.1821716671875 0.7553025 0.2086583328125 0.7320450000000001 0.2102733328125 0.712665 0.1508383328125 0.713635 0.1524533328125 0.738345 0.15374666718750002 0.7543325000000001 0.1518083328125 0.7703225
0 0.44453 0.6288425 0.4030666671875 0.6284375 0.322055 0.6266925 0.32205333281250004 0.63222 0.3186883328125 0.634745 0.3203716671875 0.6414725 0.33196 0.642875 0.40710499999999994 0.643435 0.44486499999999995 0.642315 0.44453 0.6288425
0 0.25614 0.69653 0.26437666718749997 0.68839 0.2888616671875 0.6687675 0.30401 0.6555875 0.3148633328125 0.646625 0.3158983328125 0.637565 0.29910166718750003 0.6496775 0.2199633328125 0.71121 0.21838000000000002 0.727635 0.23353000000000002 0.7144575 0.25614 0.69653
1 0.3082616671875 0.473435 0.2962633328125 0.4728875 0.2963683328125 0.48196500000000003 0.3081583328125 0.482435 0.3082616671875 0.473435
1 0.3369116671875 0.46503750000000005 0.3368216671875 0.46092500000000003 0.3369116671875 0.4605425 0.337475 0.45935750000000003 0.3383466671875 0.45715000000000006 0.3385633328125 0.45591 0.3387366671875 0.454795 0.3391733328125 0.45284500000000005 0.3391733328125 0.45172999999999996 0.339345 0.45062499999999994 0.33938999999999997 0.45016249999999997 0.3396916671875 0.4498475 0.3406516671875 0.44905999999999996 0.3414783328125 0.4488675 0.3416066671875 0.44828250000000003 0.3409983328125 0.44704249999999995 0.343605 0.44704249999999995 0.3435216671875 0.448925 0.3446033328125 0.449645 0.34603833281249996 0.453555 0.3463466671875 0.4546025 0.3466916671875 0.4579275 0.34742833281249996 0.46092500000000003 0.34812666718749996 0.46392249999999996 0.347955 0.4656225 0.3470833328125 0.467585 0.3486083328125 0.4678425 0.34878 0.46327999999999997 0.35038833281250004 0.446365 0.35256 0.43522249999999996 0.3531083328125 0.4359325 0.3536116671875 0.4367425 0.35434 0.43723999999999996 0.3560066671875 0.43756500000000004 0.3572016671875 0.43777999999999995 0.3589516671875 0.46819249999999996 0.38517 0.46774250000000006 0.38487 0.42097749999999995 0.3075616671875 0.42101249999999996 0.3074483328125 0.46811499999999995 0.3372666671875 0.467675 0.3369116671875 0.46503750000000005
1 0.3075616671875 0.42101249999999996 0.29603 0.41688749999999997 0.29647999999999997 0.4682725 0.3074483328125 0.46811499999999995 0.3075616671875 0.42101249999999996
0 0.5890783328125 0.6304575 0.5893783328125 0.6300325 0.5723883328125 0.6300525 0.5721816671875 0.6437725000000001 0.6465783328125 0.6432125 0.645605 0.6292449999999999 0.5890783328125 0.6304575
0 0.6673316671875 0.6433150000000001 0.6524566671875001 0.631415 0.651375 0.6427725 0.6673316671875 0.6433150000000001