1 0.5979266296875 0.1819035015625 0.5031793484375 0.42855863125000004 0.5036875000000001 0.4428298046875 0.6034252718750001 0.18568811093749998 0.6024972828124999 0.18568811093749998 0.5979266296875 0.1819035015625
1 0.5036875000000001 0.4428298046875 0.5157649453125 0.444051303125 0.6198464671874999 0.1856535015625 0.6034252718750001 0.18568811093749998 0.5036875000000001 0.4428298046875
1 0.5838546203125 0 0.4492105984375 0.42005089531250006 0.5031793484375 0.42855863125000004 0.5979266296875 0.1819035015625 0.583532609375 0.168090390625 0.5755203796874999 0.12029723125 0.5762336953125 0.11853827343750001 0.6249714671875 0.0213477203125 0.6253288046875001 0.020964984375000002 0.6254823375 0.020964984375000002 0.6256861406249999 0.0207369703125 0.6259415765624999 0.0205842828125 0.6262472828125001 0.0201241859375 0.62665625 0.0195134359375 0.626911684375 0.0192833875 0.6270135875 0.0192080625 0.6276766296875 0.0173717421875 0.6277282609375 0.017066368749999998 0.6278301625 0.013931189062499998 0.62849320625 0.013243078124999998 0.6285298906250001 0 0.5838546203125 0
1 0.6666725546875 0 0.6508831515625 0.042050081249999996 0.6508084234375 0.042050081249999996 0.6561739125 0.0486563515625 0.6751888593750001 0 0.6666725546875 0
1 0.6751888593750001 0 0.6561739125 0.0486563515625 0.6678097828125 0.06401669374999999 0.6942527171874999 0 0.6751888593750001 0
1 0.6942527171874999 0 0.6678097828125 0.06401669374999999 0.6828940218749999 0.08364413750000001 0.6830475546875 0.12040512968749999 0.6784755437500001 0.1389006515625 0.6633885875 0.1683550484375 0.632911684375 0.1859364828125 0.6202635875 0.18502239375 0.6198464671874999 0.1856535015625 0.5213641296875 0.43048045625000003 0.562355978125 0.43641693750000005 0.7572894015625 0 0.6942527171874999 0
1 0.5525353265625 0 0.42720244531249996 0.4173310265625 0.42809103281249994 0.43426710156250004 0.559154890625 0 0.5525353265625 0
1 0.3845475546875 0 0.3123097828125 0.4219055375 0.3345842390625 0.423906759375 0.41641847812500005 0 0.3845475546875 0
1 0 0 0 0.3569564328125 0.31152309843750003 0.40128053750000003 0.3787214671875 0 0 0
1 0.3787214671875 0 0.31152309843750003 0.40128053750000003 0.3123097828125 0.4219055375 0.3845475546875 0 0.3787214671875 0
1 0.41641847812500005 0 0.3381290765625 0.406078990625 0.42720244531249996 0.4173310265625 0.5525353265625 0 0.41641847812500005 0
1 0.559154890625 0 0.42809103281249994 0.43426710156250004 0.44398233749999994 0.43673656406249994 0.5838546203125 0 0.559154890625 0
1 0.7572894015625 0 0.562355978125 0.43641693750000005 0.5626100546874999 0.44931799687499996 0.76058695625 0.015297231250000001 0.7789619562500001 0 0.7572894015625 0
1 0.80606929375 0 0.7689796203125 0.0292772796875 0.577474184375 0.43892915312499997 0.6014293484375 0.44111970625 0.8200040765625 0 0.80606929375 0
1 0 0.41977809375 0.3600475546875 0.44879275312500005 0.557724184375 0.4641368078125 0.617154890625 0.46824715 0.6166059781250001 0.443037459375 0.6153260875 0.443037459375 0.6092921203125 0.45399837187500003 0.6016114124999999 0.4534507328125 0.6014293484375 0.44111970625 0.577474184375 0.43892915312499997 0.5723233703124999 0.4504621328125 0.5626100546874999 0.44931799687499996 0.562355978125 0.43641693750000005 0.5213641296875 0.43048045625000003 0.5157649453125 0.444051303125 0.5036875000000001 0.4428298046875 0.5031793484375 0.42855863125000004 0.5032309781250001 0.42824307812500007 0.4492105984375 0.42005089531250006 0.44398233749999994 0.43673656406249994 0.44398233749999994 0.43646172656250004 0.42809103281249994 0.43426710156250004 0.42720244531249996 0.4173310265625 0.42715896718749996 0.417282165625 0.3381290765625 0.406078990625 0.3345842390625 0.423906759375 0.3123097828125 0.4219055375 0.31152309843750003 0.40128053750000003 0 0.3569564328125 0 0.41977809375
1 0.24610869531250001 0.8079580625 0.246824728125 0.8038701140625 0.245682065625 0.7877504078124999 0.23955570625 0.7254621328125 0.23035190156250002 0.72212744375 0.23065625 0.7119666125 0.24452309843750003 0.699295603125 0.2443097828125 0.6929478828125 0.24763179375000002 0.69057206875 0.2490652171875 0.6898880296875001 0.2526766296875 0.6877422640625 0.2533464671875 0.687512215625 0.253956521875 0.6868281765625001 0.252980978125 0.68637215 0.252112771875 0.68630293125 0.25013179375 0.6852992671875 0.24946059843750001 0.68536645 0.24757065156250002 0.6866001625 0.2464592390625 0.68689739375 0.2451331515625 0.6868281765625001 0.2437010875 0.6866001625 0.2415516296875 0.6866001625 0.24044021718750003 0.688198290625 0.238442934375 0.68536645 0.23757472812499997 0.6819421828125 0.23762092343750002 0.6808693 0.2377730984375 0.678654315625 0.237682065625 0.6762785015625 0.23757472812499997 0.6745887625 0.23757472812499997 0.673059853125 0.2386413046875 0.6713008953124999 0.2396168484375 0.670686075 0.24170380468750002 0.670686075 0.2442038046875 0.672831840625 0.2470230984375 0.673059853125 0.2479823375 0.6737438921875001 0.24880570624999998 0.6744523609375 0.24880570624999998 0.6745887625 0.2522649453125 0.67566368125 0.2535448375 0.6762785015625 0.255175271875 0.6767365640625 0.255800271875 0.6774206031250001 0.2571711953125 0.67956636875 0.259092390625 0.6788131109375 0.2594415765625 0.6771009765625 0.2599456515625 0.675822475 0.26025 0.67525244375 0.26096603281249997 0.6728990234375 0.2612703796875 0.6709140875 0.2619415765625 0.6694523609374999 0.26229212031250004 0.6684242671875 0.2623220109375 0.667785015625 0.2594415765625 0.668676709375 0.257644021875 0.6685606671875 0.255099184375 0.6691327359375 0.2541698375 0.6698412046875 0.253605978125 0.66988599375 0.25293478281250004 0.66970276875 0.25241712031249997 0.6691327359375 0.2517771734375 0.6686298859375001 0.2515176625 0.6683102609375 0.2512282609375 0.6673513843750001 0.2512282609375 0.6667813515625001 0.250375 0.6650447875000001 0.24990217343749999 0.6628298046875 0.24990217343749999 0.6619401468749999 0.2500855984375 0.661551303125 0.2517010875 0.6607756515625 0.25296603281249996 0.6601364000000001 0.25355978281249997 0.65951954375 0.2541698375 0.65951954375 0.2563328796875 0.6599531765625 0.25683695625 0.660728828125 0.25833016249999996 0.660728828125 0.2590149453125 0.660728828125 0.260112771875 0.6607756515625 0.26075271718750004 0.6610504890625 0.26148369531250004 0.661734528125 0.2626725546875 0.6609812703125 0.26274864062500003 0.6606616453124999 0.2632676625 0.6589943 0.2634347828125 0.6589943 0.2659035328125 0.6613008953125 0.26738179375 0.6621905531250001 0.26942391250000003 0.6618037453125 0.2701399453125 0.6604092015624999 0.2710230984375 0.65988599375 0.27134375 0.65988599375 0.2718464671875 0.660728828125 0.2723342390625 0.6615289093750001 0.273050271875 0.662168159375 0.274574728125 0.6640635171875 0.274817934375 0.666620521875 0.27442119531250003 0.668059853125 0.27442119531250003 0.6691103421875 0.2758084234375 0.6692243484375 0.2760217390625 0.6715981265625001 0.27589945625 0.673059853125 0.275869565625 0.6736991046874999 0.27577853281250003 0.67447475625 0.2737214671875 0.6755476390624999 0.271480978125 0.6746131921875 0.26981929375 0.6743159609375 0.26949999999999996 0.6736991046874999 0.268813859375 0.672854234375 0.2677472828125 0.672351384375 0.2664524453125 0.672717834375 0.26556793437500004 0.6716449515625 0.2660407609375 0.67002239375 0.2658573375 0.6695215796875 0.2656902171875 0.6695215796875 0.2650353265625 0.6698412046875 0.2634959234375 0.66961115625 0.2632364125 0.6712092828125 0.26296195624999996 0.6741327359375 0.2623220109375 0.67621131875 0.2617282609375 0.6775814328124999 0.26296195624999996 0.677854234375 0.26468478281249996 0.677762621875 0.2657961953125 0.6773065953125 0.266543478125 0.6767813515625 0.2676413046875 0.6760280937500001 0.2703532609375 0.6765533390625 0.2720896734375 0.6793607484375 0.2744823375 0.6808693 0.2780027171875 0.6820785828125 0.278811140625 0.6823310265625 0.279161684375 0.682420603125 0.2800149453125 0.6834039093750001 0.2801358703125 0.684454396875 0.2800760875 0.6855272796875 0.2796644015625 0.6867589578125 0.27919157656250004 0.688448696875 0.2788410328125 0.6901160421875 0.2846019015625 0.688859934375 0.2853790765625 0.6896131921875 0.30302445625 0.6950020359375 0.3041222828125 0.7016245921875 0.3044266296875 0.5939189734375 0.3032078796875 0.593304153125 0.3032540765625 0.5882573296875 0.30872418437500004 0.5858143328125001 0.318567934375 0.585061075 0.3231698375 0.5881881109375 0.32336820624999996 0.59086115625 0.3323586953125 0.5901058625 0.331095109375 0.581909609375 0.33147554375 0.579055375 0.34264537968750003 0.581909609375 0.347095109375 0.5828684859375 0.3554769015625 0.5841938109375 0.3690543484375 0.5859059453125 0.40605298906250004 0.5803338765625 0.4061453796875 0.576703990625 0.4102282609375 0.57448900625 0.4178790765625 0.5736441375 0.42066712031250003 0.5752870515625 0.4206983703125 0.5716795609374999 0.4253152171875 0.5694645765625 0.43162364062499997 0.5691001625000001 0.43584510937500004 0.571498371875 0.43599728281249994 0.5747862375 0.4422459234375 0.5743281765625 0.44212364062500004 0.5672740234375 0.44163587031249996 0.563688925 0.44506521718750003 0.5643281765625 0.44640489062500005 0.5641449515625 0.4498953796875 0.5650590390625 0.4554728265625 0.566634771875 0.46196467343750003 0.5688253249999999 0.4655760875 0.5685525250000001 0.467724184375 0.5677300484375001 0.4685774453125 0.5673656359375 0.47090896718749997 0.5669075734375 0.4744605984375 0.5652422640625 0.4756793484375 0.5650590390625 0.479550271875 0.5646925890625 0.4822323375 0.563322475 0.4869551625 0.5622271984375 0.494300271875 0.561223534375 0.5014171203125 0.5590309453125 0.5021644015625 0.5591897390625 0.5021644015625 0.561245928125 0.5039619562500001 0.56361970625 0.504800271875 0.5647394140625 0.5059741843750001 0.5650590390625 0.5096616843749999 0.563049675 0.5119470109375001 0.5724104234375 0.515543478125 0.5887133546875 0.5178899453125 0.60104438125 0.523970109375 0.619629478125 0.5240774453125 0.6145378671875 0.5237418484374999 0.598807003125 0.52403125 0.5972760593750001 0.5225081515625 0.5971396578125 0.524625 0.5937601796875 0.529105978125 0.5942386 0.5294714671875 0.58926099375 0.5291521734375 0.5889657984375 0.5288614125 0.5883265468750001 0.5319103265625 0.587846090625 0.5336779890625001 0.5882125406250001 0.534911684375 0.5886685671875 0.534317934375 0.5894218234374999 0.534317934375 0.5935993484375001 0.5407785328125 0.5944910421875 0.540824728125 0.5247801296875 0.533418478125 0.523776465625 0.531467390625 0.5139800484375 0.540474184375 0.492518321875 0.260737771875 0.485576140625 0.2795271734375 0.5215838765624999 0.272807065625 0.5381840390625 0.25648641250000004 0.539462540625 0.23672146718749998 0.539234528125 0.22768478281250001 0.5222231265625 0.2469918484375 0.48553135156250005 0.2165149453125 0.48530130312499997 0.2168953796875 0.8177300484375 0.21796195625 0.8186441375 0.24610869531250001 0.8079580625
1 0.22436548906249998 0.84463355 0.2168953796875 0.8177300484375 0.2165149453125 0.48530130312499997 0.2169551625 0.4398717421875 0.19582744531250001 0.438403909375 0.1966222828125 0.829859528125 0.19239673906250002 0.85665309375 0.22436548906249998 0.84463355
1 0 0.9189006515625 0.0049266296875 0.9351384359375 0.038938859375 0.9214393328125 0.033817934375000004 0.891848534375 0.032355978125000004 0.422487784375 0 0.41977809375 0 0.9189006515625
1 0.6092989125 0.5944991859375001 0.6127717390625 0.593737784375 0.6131521734375001 0.59088355 0.6128980984375 0.58993078125 0.611375 0.5865065140625 0.6140407609375 0.58441368125 0.66483695625 0.5939271171875 0.667630434375 0.5861258140625 0.6742336953125 0.5537785015625001 0.6823614124999999 0.5102056187499999 0.6835040765625 0.5069706843749999 0.686043478125 0.5031657171874999 0.6869334234375 0.5018342828125 0.68769429375 0.5003114828124999 0.6887105984375 0.4940329796875 0.6903614124999999 0.47196050468750006 0.6883301625 0.4502687296875 0.687313859375 0.3648350984375 0.68921875 0.336673453125 0.6909959234375 0.3277300484375 0.68921875 0.3244951140625 0.6883301625 0.3216408796875 0.6898532609375 0.32069014687499997 0.6903614124999999 0.3180272796875 0.689599184375 0.31288884375000003 0.6897269015624999 0.31288884375000003 0.693282609375 0.311176709375 0.6945516296875 0.310796009375 0.69721875 0.3085118078125 0.70166304375 0.3007105046875 0.7476331515625 0.21261400625000001 0.7844605984374999 0.14201954375 0.78496875 0.1412601796875 0.787762228125 0.13783387656249999 0.78941304375 0.134598940625 0.7923342390625 0.12603827343750001 0.7937309781249999 0.12356270312499999 0.7971589671875 0.1172842015625 0.799063859375 0.113479234375 0.800842390625 0.1083407984375 0.8027472828125 0.102823696875 0.8041440218749999 0.0992080625 0.8070638593749999 0.09388029375 0.8082078796875001 0.0908367265625 0.8158260875 0.07865838750000001 0.8228111406249999 0.06686074843749999 0.8019850546875 0.0820826546875 0.6166059781250001 0.443037459375 0.617154890625 0.46824715 0.609650815625 0.468754071875 0.6092989125 0.5944991859375001
1 0.6001032609375 0.477115228125 0.5993586953125 0.48008957656250006 0.6008464671875 0.5203420203125 0.6026902171875 0.57482491875 0.6037975546875 0.5940248375 0.6034252718750001 0.468754071875 0.5998899453125001 0.4689393328125 0.599925271875 0.47148819218750004 0.600244565625 0.473929153125 0.6001032609375 0.477115228125
1 0.609650815625 0.468754071875 0.6034252718750001 0.468754071875 0.6037975546875 0.5940248375 0.6092989125 0.5944991859375001 0.609650815625 0.468754071875
1 0.5646263593749999 0.6422658796875 0.5633858703125 0.466017915625 0.5585788046875 0.4659507328125 0.5586521734375001 0.5816714171874999 0.5587907609375 0.6407980453125 0.5646263593749999 0.6422658796875
1 0.545529890625 0.4861034203125 0.556769021875 0.5125203578125 0.5567907609375 0.5140268734375 0.5555625 0.5240166937499999 0.54977445625 0.5242711718749999 0.540824728125 0.5247801296875 0.5407785328125 0.5944910421875 0.54052445625 0.598715390625 0.5404823375000001 0.6304438109375 0.5515842390625 0.631856678125 0.555838315625 0.6374368890625 0.5557214671875 0.6393403906249999 0.5587907609375 0.6407980453125 0.5586521734375001 0.5816714171874999 0.5585788046875 0.4659507328125 0.5523355984375 0.4651893328125 0.5450013593749999 0.48269543906249995 0.545529890625 0.4861034203125
1 0.7789619562500001 0 0.76058695625 0.015297231250000001 0.7607486406249999 0.0151811890625 0.5626100546874999 0.44931799687499996 0.5723233703124999 0.4504621328125 0.7689796203125 0.0292772796875 0.80606929375 0 0.7789619562500001 0
0 0.4409605984375 1 0.31465081562499997 0.7856351796875 0.30547690156249996 0.7905435671875 0.3035108703125 0.7856351796875 0.29826902187500004 0.7875977203125 0.29958016249999997 0.794470684375 0.3008899453125 0.799379071875 0.3002350546875 0.8033061890625 0.29958016249999997 0.804287459375 0.2989239125 0.8062520359375001 0.294338315625 0.8111604234374999 0.293682065625 0.8091978828125 0.2615760875 0.8327605859375 0.2602663046875 0.835704396875 0.25633423906249997 0.8376689734375 0.253713315625 0.8376689734375 0.251092390625 0.8386502437500001 0.249126359375 0.8386502437500001 0.249126359375 0.8327605859375 0.24978260937500002 0.8317772796874999 0.2478165765625 0.8121416937499999 0.24585054374999998 0.8121416937499999 0.2460833515625 0.808368803125 0.21796195625 0.8186441375 0.22436548906249998 0.84463355 0.2242282609375 0.8445419375000001 0.19239673906250002 0.85665309375 0.190811140625 0.8386502437500001 0.1881902171875 0.8465044781250001 0.1868790765625 0.8523961718749999 0.18360326093749998 0.8573045609375001 0.17901630468750002 0.8592691374999999 0.170498640625 0.8631962546875 0.1678777171875 0.864177525 0.1587038046875 0.8651587953125001 0.1469103265625 0.866140065625 0.1429782609375 0.866140065625 0.129873640625 0.866140065625 0.12004483749999999 0.8602504078125 0.11087228281249999 0.8622129484375 0.10038858749999999 0.8710504890624999 0.092525815625 0.8789047234374999 0.0833519015625 0.8887214984374999 0.0787649453125 0.8955944625000001 0.072213315625 0.9044299671875 0.0669714671875 0.9073758140624999 0.056487771875 0.9073758140624999 0.048625 0.90050285 0.0460040765625 0.8916673453125 0.038938859375 0.9214393328125 0.0049266296875 0.9351384359375 0 0.9405985343750001 0 1 0.4409605984375 1
0 1 0.8249450328125001 0.989411684375 0.819112378125 0.9901970109375 0.814301709375 0.9912459234375 0.8029132734375001 0.9881005437500001 0.8033061890625 0.9862010874999999 0.8095907984374999 0.9848899453125 0.8107675078125001 0.9772894015625001 0.81233916875 0.975717390625 0.8048778499999999 0.9767649453124999 0.7997719875 0.958550271875 0.787107084375 0.95828804375 0.797023615625 0.96438179375 0.7997719875 0.9651671203125 0.8088049671875 0.9607119562499999 0.8095907984374999 0.9622853265625 0.8139087953124999 0.9622853265625 0.819112378125 0.960449728125 0.8214698703125001 0.953831521875 0.8202911234375 0.9522595109375 0.819112378125 0.9491141296875 0.8162662859375001 0.9475421203125001 0.8111604234374999 0.9488519015625 0.8040920203124999 0.8853600546875 0.767373778125 0.8863423906250001 0.7734609125 0.8841807062499999 0.77669991875 0.879987771875 0.7779763843749999 0.876842390625 0.7753257328125 0.87566304375 0.768059853125 0.8782839671874999 0.7645256515625001 0.8791358703125001 0.7579478828124999 0.882869565625 0.7550020359375 0.7907445656250001 0.7266286640625 0.7383913046874999 0.7051282578125 0.7347214671875 0.707876628125 0.7383913046874999 0.7129824921875 0.740487771875 0.7180883546875 0.740487771875 0.7221131921875 0.74022554375 0.72564739375 0.74022554375 0.727609934375 0.7431739125 0.7390004078125 0.743436140625 0.7422394140625 0.7439605984375001 0.7493078171875001 0.7518233703125 0.750879478125 0.7521508156250001 0.8265757328125 0.7367527171875 0.8461115640625 0.7375394015625 0.8525916125 0.7373423906250001 0.8525916125 0.7345910328125 0.855930375 0.730724184375 0.85514454375 0.6726711953125 0.92759975625 0.6726711953125 0.9332939734375 0.6726711953125 0.9378114828124999 0.67116304375 0.9406575734375 0.6665774453125 0.9412479640625 0.662449728125 0.9361421015625 0.610088315625 1 1 1 1 0.8249450328125001