1 0.9767595625000001 0.5710972359375 0.9704180328125 0.5713756390625 0.9689084703124999 0.6165117703125 0.975423496875 0.61938178125 0.9767595625000001 0.5710972359375
1 0.8388046453125 0.5946305015625 0.8395765031250001 0.5942661203124999 0.8470997265625 0.5931095187500001 0.85528551875 0.5973080859375 0.8634494531250001 0.6013408390625 0.8735327875 0.6101351078125 0.8772390703124999 0.6084176046875001 0.8851598359375 0.60153940625 0.8898811468750001 0.5982661203124999 0.890896175 0.5967451374999999 0.8916693984374999 0.5919529171875 0.89244125625 0.590431934375 0.8947349734375001 0.5909928359375 0.900163934375 0.5734370515625 0.8284562843750001 0.5747594671875 0.8267349734374999 0.5933735921875 0.8357814203125 0.5963500515625 0.8388046453125 0.5946305015625
1 1 0.5700614125000001 0.987683059375 0.5710071640625001 0.9847786890625001 0.6040266125 1 0.601195496875 1 0.5700614125000001
1 0.9503306015625 0.6051647906250001 0.9536106562500001 0.6100818828125 0.9545860656249999 0.6120736953125 0.9577964484375 0.5718689859375 0.9448510921875 0.5721351078125 0.9406653 0.6013121796875 0.946251365625 0.6021084953125 0.9503306015625 0.6051647906250001
1 0.9165846999999999 0.595848515625 0.9227568312500001 0.596485159375 0.9306297812500001 0.5988781984375 0.9322254093750001 0.571932446875 0.9066898906249999 0.57304810625 0.9012622953125 0.59473285625 0.9069016390625 0.595848515625 0.9165846999999999 0.595848515625
1 0.957826503125 0.3946345953125 0.9655942625 0.39399590624999997 0.973180328125 0.3494657109375 0.9745423499999999 0.32309314218749996 0.957730875 0.32516683749999997 0.9533579234375 0.3874595703125 0.960699453125 0.3898505625 0.957826503125 0.3946345953125
1 1 0.233379734375 0.9901516390625 0.23385465781249998 0.9864166671874999 0.2932466734375 0.9898647546875001 0.2942026609375 0.9862896171875001 0.3160143296875 0.9867991796875 0.3152487203125 0.989353825 0.31065711406249996 0.9929289625 0.3091258953125 0.9967595625 0.308743090625 1 0.2344524046875 1 0.233379734375
1 0.970248634375 0.317502559375 0.97076639375 0.31594882343749997 0.9711366124999999 0.3137338796875 0.9728346999999999 0.31218833125 0.9752718578125 0.31108085937499996 0.9790382515625 0.23783623281250002 0.963540984375 0.24098874062500003 0.9582049187499999 0.2414350046875 0.9532540984375 0.3181637671875 0.970248634375 0.317502559375
1 0.85657786875 0.41928556875 0.8588756828124999 0.4172159671875 0.9072814203125 0.41762538437499996 0.9121516390625001 0.47843398125 0.919725409375 0.4782579328125 0.930646175 0.40766018437499996 0.8358005468749999 0.40986284531250006 0.8334357921875 0.48058137187499994 0.861173496875 0.47989559843749996 0.85657786875 0.41928556875
1 0.8479234968749999 0.40109314218750003 0.8519685796875001 0.3964094171875 0.8532554640625 0.3939303984375 0.85012978125 0.39227635625 0.847188525 0.387318321875 0.846086065625 0.379602865625 0.846086065625 0.3771238484375 0.8462691250000001 0.374094165625 0.8462691250000001 0.3713387921875 0.8462691250000001 0.3705117703125 0.8462691250000001 0.3702354140625 0.8464535515625 0.36968475 0.84829235 0.36637871093749996 0.8486598359374999 0.3644503578125 0.8492117484374999 0.36224565000000003 0.8512336062499999 0.36197134062499997 0.854543715625 0.36086796250000003 0.8560136609375 0.3600429890625 0.8567500000000001 0.357287615625 0.8574849734375001 0.3526038890625 0.8585887984375 0.3481944734375 0.8617131140625001 0.34599181093750003 0.863001365625 0.34571545625 0.8641038249999999 0.34599181093750003 0.86851639375 0.3470931421875 0.8705396171875 0.34929785 0.8720095625000001 0.34764380781250004 0.8736653000000001 0.3468167859375 0.87697404375 0.3470931421875 0.8795491796875 0.34764380781250004 0.8812035515625001 0.3484708296875 0.8826748640625001 0.3528781984375 0.8823060109374999 0.35646059375 0.881938525 0.3583889453125 0.8821229515625 0.3589396109375 0.8817554640624999 0.36169498437500003 0.8806516390624999 0.3644503578125 0.8777103828125 0.368032753125 0.8777103828125 0.369134084375 0.8771584703125 0.3787778921875 0.8766065578125 0.3837359265625 0.8771584703125 0.3851136125 0.8786297812500001 0.38704196562500004 0.8795491796875 0.3892466734375 0.88304235 0.3942047078125 0.884144809375 0.39861412500000004 0.8817554640624999 0.40302149375 0.90758743125 0.40316069531250004 0.9088743171875 0.38384646875 0.9105300546875 0.38326714375000004 0.9134713109374999 0.3807881265625 0.914225409375 0.37982395156250004 0.9169098359375001 0.38365404375 0.9186926234375001 0.38365404375 0.9197226781250001 0.3681699078125 0.929430328125 0.36720573125 0.9266174859375 0.4024155578125 0.9285300546874999 0.4022231328125 0.929173496875 0.38384646875 0.9293019125 0.38384646875 0.9317295078125 0.381172978125 0.9333838796875 0.37982395156250004 0.9333838796875 0.3800163765625 0.937722678125 0.38326714375000004 0.9373374312499999 0.3989723640625 0.9432199453125 0.3995496421875 0.94796448125 0.32221494375000004 0.8399071031249999 0.32497031718749997 0.8360833328125 0.4034350046875 0.847188525 0.4013694984375 0.8479234968749999 0.40109314218750003
1 0.8539030046875 0.316493346875 0.8517650265625001 0.3100839296875 0.8516161203125 0.3079795296875 0.851913934375 0.30410440156249996 0.8521256828125001 0.3032118734375 0.8535314203125001 0.3012180140625 0.8542008203125 0.2982374609375 0.8541270484375 0.2982374609375 0.8527964484374999 0.297901740625 0.8527964484374999 0.295909928125 0.8534562843750001 0.2949048109375 0.8544248640625 0.29369293750000003 0.8544986343750001 0.293134084375 0.855680328125 0.2913654046875 0.8567117484375 0.291699078125 0.85731830625 0.2899774828125 0.8580642078125 0.2880962125 0.8590204921875 0.2867574203125 0.8606489078124999 0.2861044015625 0.8627882515625 0.2861044015625 0.864777321875 0.28664483125 0.8657459015625 0.28742681718749996 0.8664057375 0.28863869062499997 0.8675122953125 0.290090071875 0.8689904374999999 0.290090071875 0.8710655734375001 0.29208188281249997 0.871725409375 0.29506448281250003 0.870842896875 0.297392015625 0.8705450812500001 0.297502559375 0.8691407109375 0.297392015625 0.870396175 0.29994268125 0.8718743171875 0.3028126921875 0.8719494531249999 0.305809621875 0.8718743171875 0.30758034843750004 0.8712896171875 0.311230296875 0.869183059375 0.31515250781250004 0.8708319671875 0.317625384375 0.9289385250000001 0.31872466718750003 0.92875683125 0.2964196515625 0.9274699453125 0.2947615140625 0.9263633875 0.293103378125 0.9250751359375 0.29063254843749997 0.9243415296874999 0.28843193437500003 0.9245218578125 0.2873142265625 0.9259904375 0.285944728125 0.9270969953125 0.285385875 0.9291188531250001 0.2848433984375 0.9294918031250001 0.2840143296875 0.9294918031250001 0.281813715625 0.9315136609374999 0.27795701093749997 0.9324275953125 0.280984646875 0.9361092890625 0.28015557812499997 0.9388661203125 0.2840143296875 0.9397800546875 0.2848433984375 0.9438237703125001 0.2845731828125 0.945303278125 0.2845731828125 0.9469521859375 0.2870440125 0.9471434421874999 0.2892446265625 0.9436434421875 0.295318321875 0.939972678125 0.317625384375 0.9493456281249999 0.317353121875 0.9532090156249999 0.2415885359375 0.8433688531250001 0.2417318328125 0.8401243171875 0.3201125890625 0.8561161203125 0.3191545546875 0.8539030046875 0.316493346875
1 0 0 0 0.2191914015625 0.0419112015625 0.223877175 0.0251161203125 0 0 0
1 0.0251161203125 0 0.0419112015625 0.223877175 0.050897540625 0.22392425781249997 0.0337117484375 0 0.0251161203125 0
1 0.0337117484375 0 0.050897540625 0.22392425781249997 0.082017759375 0.23015557812499998 0.10900683124999999 0.62596929375 0.112225409375 0.632159671875 0.08349316875 0.23015557812499998 0.1633060109375 0.22870829062500003 0.165076503125 0.22943091093749998 0.1677595625 0.2820143296875 0.16969125625 0.2818935515625 0.1664180328125 0.229633571875 0.21288387968750003 0.24076765625 0.23407786874999997 0.6655271234375 0.29097950781250004 0.6644810640625 0.29417213124999997 0.62914431875 0.2882964484375 0.6286223125 0.288001365625 0.6254063453125001 0.2882964484375 0.6250051171875 0.2870887984375 0.5898300921875 0.2866871578125 0.589387921875 0.28652595625 0.5861310140625 0.305170765625 0.566673490625 0.3060833328125 0.566835209375 0.3062978140625 0.5614472875 0.307397540625 0.558673490625 0.30863251406250003 0.5567451375 0.311154371875 0.5553776874999999 0.3118237703125 0.554894575 0.311959015625 0.5531668375 0.305170765625 0.5533265093749999 0.301602459375 0.5520409421875 0.2993224046875 0.5504728765625 0.29878551875000003 0.549629478125 0.305868853125 0.5244237468749999 0.3073442625 0.52313613125 0.310188525 0.5222128968749999 0.3132732234375 0.5219303984375 0.31794125625 0.5226550671875 0.31930874375 0.5238607984375 0.326284153125 0.5485424765625 0.3254262296875 0.5502722624999999 0.32234152968749996 0.5519611046875 0.31938934375 0.552683725 0.316438525 0.5534083937500001 0.314748634375 0.5534083937500001 0.3146953546875 0.5550562953125 0.31689480937500003 0.5555373593749999 0.3186926234375 0.5565834187500001 0.320543715625 0.5596786078125 0.32110655781249997 0.5631361312500001 0.32124043750000003 0.5651873078125 0.32110655781249997 0.56671443125 0.3371229515625 0.565668371875 0.3355136609375 0.5394984640625 0.3362650265625 0.5247840328125 0.3366666671875 0.5190358234375 0.3384371578125 0.5165445234375 0.3366666671875 0.5148147390625 0.3353251359375 0.51340839375 0.333420765625 0.5122026609375 0.33175683125 0.5116786078125 0.33036202187499997 0.5105936546875001 0.329128415625 0.509226203125 0.3279480875 0.5058915046875 0.32864480937499996 0.505568065625 0.3304959015625 0.5056499484375 0.331784153125 0.5055291703125 0.3333934421875 0.5065731828125 0.33427868906249997 0.507418628125 0.335137978125 0.5087451374999999 0.33553961718749997 0.5090665296875 0.3355942625 0.508824975 0.33556694062500003 0.5082231328125 0.3352718578125 0.507699078125 0.334923496875 0.5072978499999999 0.3343866125 0.50685568125 0.33398360625 0.5064135109375 0.3333674859375 0.5057297843749999 0.3330724046875 0.5053285562500001 0.3321598359375 0.5045629484374999 0.3311939890625 0.50371955 0.330790984375 0.503840328125 0.33038934375 0.5040818828125 0.3299863390625 0.50424155625 0.32990573749999996 0.5040818828125 0.33009426249999996 0.5036786078125 0.33038934375 0.5032364375 0.32918169375 0.50178915 0.32810928906250003 0.49957830156250005 0.3277595625 0.49736745156250006 0.3266871578125 0.4972077796875 0.3262035515625 0.49640327500000003 0.3260969953125 0.49608188281250004 0.32647267812499997 0.49576049062500005 0.3273838796875 0.495598771875 0.328215846875 0.4954391 0.3292896171875 0.4952364375 0.330121584375 0.4952364375 0.33111338749999997 0.495598771875 0.332079234375 0.4963234390625 0.332777321875 0.4968863875 0.3333934421875 0.49841351093749997 0.334118853125 0.5001412484375 0.334923496875 0.5016704203125 0.335433059375 0.50178915 0.334199453125 0.49652405312500003 0.333715846875 0.493909928125 0.332991803125 0.4939508703125 0.3320519125 0.4925445234375 0.33055054687499996 0.490734903125 0.328913934375 0.48940839374999995 0.3270887984375 0.48844421718750003 0.3239767765625 0.48776049062500004 0.3224480875 0.487318321875 0.323816940625 0.4869559875 0.3264453546875 0.487598771875 0.3297991796875 0.4891279421875 0.3314617484375 0.49077584375 0.3323743171875 0.4925035828125 0.332777321875 0.492423746875 0.332803278125 0.49198157656249997 0.332508196875 0.49113613125000005 0.3318647546875 0.490251790625 0.3301748640625 0.4890071640625 0.3288333328125 0.487840328125 0.3279480875 0.48671443124999997 0.3277868859375 0.48631320312500004 0.3266871578125 0.4855087 0.3254262296875 0.4851873078125 0.32488934375 0.48490685781250004 0.323923496875 0.48474513750000003 0.3232800546875 0.48446468749999994 0.3228237703125 0.48398157656249996 0.32255601093749997 0.48333879218750003 0.3230655734375 0.48329785000000003 0.3241653 0.48285568124999995 0.32558743125 0.48269396093749994 0.32682103749999997 0.482896621875 0.327438525 0.4830972359375 0.327438525 0.4820122828125 0.327920765625 0.480524053125 0.32773360625 0.47980143281250004 0.3273306015625 0.4786345953125 0.3275997265625 0.47742886406249996 0.32781420781250004 0.476704196875 0.3280819671875 0.4760225171875 0.32824316875 0.47581985624999995 0.32886065625 0.4756192421875 0.327894809375 0.47200204687499997 0.32741120156250003 0.47188126874999997 0.32652595624999997 0.471318321875 0.326043715625 0.4709559875 0.3258019125 0.47071443124999995 0.32507786875 0.4702722625 0.324647540625 0.47007164843749993 0.323897540625 0.46991197500000004 0.3230915296875 0.46991197500000004 0.3228237703125 0.46991197500000004 0.32268989062500003 0.4699918109375 0.32223360625 0.47023336718750003 0.32159016406249996 0.470796315625 0.32129508125 0.47087615156249996 0.320329234375 0.4709969296875 0.3190942625 0.471076765625 0.31885382500000004 0.471076765625 0.31906830625 0.4705138171875 0.32014071093749996 0.46958853593749994 0.32038251406249996 0.46942886406250006 0.320730875 0.46922825 0.3216161203125 0.4689068578125 0.32266256875 0.46894575156249996 0.3233333328125 0.469107471875 0.3244603828125 0.469387921875 0.32531830624999997 0.46970931406250005 0.325855190625 0.47007164843749993 0.326284153125 0.4706755375 0.3266338796875 0.4709969296875 0.32722404374999997 0.4712773796875 0.3277868859375 0.47151893593749994 0.32754508125 0.4706755375 0.3273306015625 0.4698300921875 0.3268483609375 0.46930808593749995 0.326284153125 0.468824975 0.3257213109375 0.46830296875000005 0.3250232234375 0.46749846406250006 0.323923496875 0.46717707343750003 0.321965846875 0.46717707343750003 0.3206243171875 0.4677809625 0.319845628125 0.467901740625 0.32102595625 0.46669600781250004 0.32172404375 0.466333675 0.31957786875 0.46637256875000005 0.3190136609375 0.466333675 0.3185847 0.465971340625 0.31855874375000004 0.4655291703125 0.3185847 0.46532855624999997 0.3197117484375 0.4645649953125 0.32014071093749996 0.46432343906250007 0.32078551875 0.4640818828125 0.3222868859375 0.4640818828125 0.3222868859375 0.464002046875 0.32209972656249997 0.46371955 0.321965846875 0.46335926250000004 0.32188524531249996 0.462554759375 0.32188524531249996 0.462313203125 0.32153551875 0.461791196875 0.3206243171875 0.4616704203125 0.3199795078125 0.461791196875 0.320569671875 0.46114636718749996 0.32121448125 0.46114636718749996 0.32185792343749997 0.46126714375000005 0.3227964484375 0.461871034375 0.3235218578125 0.4622333671875 0.3237622953125 0.462313203125 0.3247021859375 0.4629969296875 0.3250232234375 0.46335926250000004 0.325345628125 0.46420266093749996 0.3254795078125 0.4645649953125 0.3261502734375 0.46580962187499997 0.326230875 0.46577072656249996 0.326284153125 0.465287615625 0.32582786874999997 0.46420266093749996 0.3260969953125 0.464282496875 0.3263920765625 0.4644442171875 0.326553278125 0.4644442171875 0.32657923437499997 0.46432343906250007 0.326311475 0.46371955 0.3256133875 0.462554759375 0.325345628125 0.4616704203125 0.3249426234375 0.4604646875 0.3247281421875 0.45958034843749995 0.3247554640625 0.459138178125 0.3249426234375 0.45869600781250003 0.3251844265625 0.458493346875 0.3252650265625 0.45777072656250006 0.325560109375 0.457690890625 0.32601639375 0.45748822968749997 0.326230875 0.457449334375 0.3266338796875 0.45740839375000003 0.32695491875 0.45736949843749997 0.32757240468750004 0.45760900781249997 0.32762568281250004 0.45813306093749995 0.32754508125 0.4594595703125 0.32727732187499997 0.46122825 0.327196721875 0.4619508703125 0.3278401640625 0.4615496421875 0.3287800546875 0.46026202656250004 0.3295573765625 0.4591770734375 0.33030874374999997 0.4586550671875 0.33095218593750003 0.45837256875000004 0.3316775953125 0.4581719546875 0.3307377046875 0.4605035828125 0.3299863390625 0.461349028125 0.3294508203125 0.462151484375 0.3288060109375 0.46351893593750004 0.32797540937499997 0.46653428906250005 0.3278401640625 0.467699078125 0.327706284375 0.46846468750000003 0.3278401640625 0.46914636718749997 0.328618853125 0.4724442171875 0.3292349734375 0.47091709374999996 0.3292349734375 0.46958853593749994 0.32937021875 0.46830296875000005 0.32934289687499996 0.46709723593749997 0.3297185796875 0.465690890625 0.3304426234375 0.46404094218749997 0.3307377046875 0.4635598765625 0.331784153125 0.4626755375 0.332696721875 0.46239304062500003 0.3335546453125 0.46239304062500003 0.33398360625 0.46239304062500003 0.3339030046875 0.46363971406250004 0.3331256828125 0.4648863875 0.3323469953125 0.4660122828125 0.3318647546875 0.4670562953125 0.3307117484375 0.46814124843749993 0.32985245937499996 0.470313203125 0.3294508203125 0.47151893593749994 0.3291557375 0.4725649953125 0.3291010921875 0.4750972359375 0.32934289687499996 0.47581985624999995 0.3297718578125 0.4761023546875 0.330631146875 0.4765035828125 0.3311666671875 0.4765035828125 0.33175683125 0.4760614125 0.3319180328125 0.4761023546875 0.33202595625 0.4762231328125 0.3322131140625 0.4762231328125 0.3328579234375 0.4757400203125 0.3332868859375 0.47553940624999996 0.333769125 0.47558034843749997 0.334709015625 0.4771463671875 0.334709015625 0.4775496421875 0.3347622953125 0.4795598765625 0.33548633906249997 0.4779508703125 0.335862021875 0.477387921875 0.336855190625 0.4754595703125 0.3375519125 0.4749355171875 0.337095628125 0.476423746875 0.335647540625 0.47996110468750003 0.3345737703125 0.48345957031250003 0.334118853125 0.484824975 0.334118853125 0.4856704203125 0.333688525 0.48779938593749994 0.3333674859375 0.489449334375 0.3331789625 0.49005117656249997 0.33398360625 0.493791196875 0.3345478140625 0.49298669375 0.3346010921875 0.4923828046875 0.3344672125 0.49226202656250007 0.334144809375 0.490896621875 0.3340382515625 0.49001228281250003 0.3340382515625 0.4876806546875 0.3343060109375 0.48687615156249997 0.334842896875 0.4856704203125 0.3352991796875 0.4843828046875 0.335862021875 0.483699078125 0.33757923437500004 0.4821719546875 0.33795491875 0.4814882296875 0.3376065578125 0.4832180140625 0.3371762296875 0.484182190625 0.3370150265625 0.48675537343749997 0.3369617484375 0.487357215625 0.3366666671875 0.4888454453125 0.336103825 0.4910972359375 0.33588934375 0.493791196875 0.33588934375 0.4938300921875 0.33607650312500004 0.493791196875 0.3367199453125 0.49322825000000003 0.33725683125 0.49286591562500004 0.3376857921875 0.49286591562500004 0.3384371578125 0.49306652968750003 0.339241803125 0.49286591562500004 0.33905464531249996 0.4920614125 0.3384371578125 0.4913387921875 0.3384371578125 0.4910562953125 0.33932240468749997 0.48952917031250004 0.339241803125 0.48924667343749995 0.33932240468749997 0.48824155625000004 0.3405027328125 0.487318321875 0.341173496875 0.48687615156249997 0.3419521859375 0.48663459531250003 0.342300546875 0.48651381718750003 0.3421939890625 0.48603070625000006 0.34112021875 0.4847860796875 0.34095901562500003 0.4832180140625 0.34071857968749997 0.482734903125 0.3418989078125 0.48277584375 0.3431325140625 0.48313613125000004 0.3436953546875 0.48333879218750003 0.3460560109375 0.4850665296875 0.3465945203125 0.4860734921875 0.346673496875 0.48474513750000003 0.3467540984375 0.482493346875 0.3461366125 0.4821719546875 0.34447404375 0.482251790625 0.3445 0.48132855625 0.345251365625 0.47919754374999995 0.34568169375 0.478796315625 0.34557377031250003 0.478393040625 0.3445 0.477387921875 0.343319671875 0.47630296875000006 0.342353825 0.47521801406249997 0.34197950781249997 0.47336745156250004 0.34181830625 0.470554759375 0.342595628125 0.4705138171875 0.3442595625 0.471598771875 0.34619125624999997 0.474454453125 0.34712978125 0.47598157656250006 0.3476926234375 0.47698669374999997 0.348498634375 0.4771463671875 0.3486584703125 0.4766653015625 0.3486325140625 0.475699078125 0.3490887984375 0.4738505625 0.3484439890625 0.4711177078125 0.34852459062499996 0.46798157656250006 0.3486857921875 0.465287615625 0.34922267812499996 0.463760490625 0.3503756828125 0.46259365468749997 0.351180328125 0.4655291703125 0.35120765 0.4670174 0.3513415296875 0.468423746875 0.350939890625 0.4703541453125 0.34991939843750003 0.47292528125000005 0.3491420765625 0.476182190625 0.35061748593750003 0.47549846406249996 0.3512609296875 0.4749355171875 0.35212021875 0.4745752296875 0.3529248640625 0.4745752296875 0.353621584375 0.474333675 0.3548825140625 0.4742927328125 0.3561174859375 0.4756192421875 0.35649316875000003 0.4761023546875 0.35555327812500004 0.47658341875000004 0.3536762296875 0.47646468750000004 0.3515027328125 0.475940634375 0.351475409375 0.476824975 0.3515833328125 0.477349028125 0.352602459375 0.47722825 0.353300546875 0.47694575156249996 0.3543729515625 0.47690685781250003 0.3551243171875 0.47702558906250003 0.357699453125 0.47976049062500004 0.3554193984375 0.47988126875 0.35407786875 0.47947799375000005 0.3543729515625 0.480282496875 0.35440027343749997 0.481046059375 0.35313934375 0.48136745156250005 0.3519057375 0.4811279421875 0.350965846875 0.48068577343749996 0.3507786890625 0.48157011250000004 0.35048360624999997 0.48253428906250007 0.3501079234375 0.48381985624999996 0.34978551874999997 0.48462436093749994 0.349008196875 0.48570931406250006 0.3491420765625 0.488002046875 0.3508852453125 0.48651381718750003 0.352173496875 0.486151484375 0.353595628125 0.48635209843749994 0.35445355156249997 0.48671443124999997 0.3561174859375 0.48747799374999995 0.35702868906249996 0.48828249687499997 0.3549098359375 0.4894882296875 0.352602459375 0.4902927328125 0.3510997265625 0.49085568124999995 0.349061475 0.4910972359375 0.3491953546875 0.4931463671875 0.3505368859375 0.49342886406249997 0.35212021875 0.49342886406249997 0.35305874375 0.49338792187499997 0.3539439890625 0.49370931406249996 0.35356830625 0.4945138171875 0.3530054640625 0.4952773796875 0.3530054640625 0.496282496875 0.3541584703125 0.49969907812500003 0.35477595625 0.49981985624999997 0.35515163906249997 0.4980511765625 0.3556612015625 0.4960409421875 0.3563852453125 0.49447287656250005 0.3568142078125 0.49370931406249996 0.357163934375 0.49318730781250003 0.35743169375 0.493871034375 0.35778005468749996 0.49579938593749995 0.35778005468749996 0.496765609375 0.3575655734375 0.497809621875 0.357404371875 0.4990562953125 0.3572172125 0.49978096250000004 0.356680328125 0.5013080859375 0.3563579234375 0.5024728765625001 0.3563319671875 0.5056499484375 0.35786065625 0.5048454453125 0.3580491796875 0.504120778125 0.3578347 0.5031566015625 0.358316940625 0.5018710343749999 0.35887978125000003 0.50178915 0.359095628125 0.50175025625 0.3590150265625 0.5007451374999999 0.3596584703125 0.498251790625 0.3601147546875 0.4968863875 0.3596584703125 0.4961617203125 0.35906830625 0.4947553734375 0.36000683125 0.4949559875 0.36019535468749997 0.49499692968750003 0.3606775953125 0.4941125890625 0.360972678125 0.4933080859375 0.3620464484375 0.492182190625 0.3627978140625 0.4920204703125 0.3629849734375 0.49342886406249997 0.3629849734375 0.49435209843749994 0.3623674859375 0.496282496875 0.3621270484375 0.49696622343749997 0.361670765625 0.498493346875 0.3611065578125 0.49978096250000004 0.3611871578125 0.4999815765625 0.3618319671875 0.49945752343749994 0.3627172125 0.49837256874999997 0.3625286890625 0.4992180140625 0.3622868859375 0.49978096250000004 0.3623674859375 0.5001023546875001 0.3628510921875 0.499660184375 0.3629849734375 0.49885568124999996 0.363387978125 0.49740839374999996 0.36341393437499997 0.49640327500000003 0.36400409843750003 0.4935496421875 0.36456830625 0.492423746875 0.36451366093750004 0.49463459531250004 0.36411202187499997 0.49708700156249996 0.3640314203125 0.4978915046875 0.3647295078125 0.497046059375 0.36698224062499996 0.49499692968750003 0.3670901640625 0.49579938593749995 0.3663647546875 0.4979303984375 0.36529235 0.500462640625 0.363173496875 0.502151484375 0.3620724046875 0.5026345953125 0.3601147546875 0.5040409421875001 0.3604357921875 0.5041617203125 0.3613756828125 0.5040409421875001 0.3627172125 0.5044442171875 0.3637896171875 0.50540839375 0.365024590625 0.5072978499999999 0.36545355156250003 0.5089048109375 0.36566803281250004 0.51079426875 0.36526502656250004 0.512683725 0.364326503125 0.5114391 0.3633073765625 0.5071770734375 0.3628510921875 0.505971340625 0.36220765 0.5052077796875001 0.36191256875 0.5056499484375 0.3618319671875 0.5066939609375 0.36191256875 0.5077809625 0.3623674859375 0.5090255890625001 0.36191256875 0.5102722625 0.3611065578125 0.5109559875 0.35979235 0.5114391 0.3568142078125 0.5113183218749999 0.35786065625 0.512120778125 0.3587732234375 0.5132077796875001 0.359336065625 0.5156192421875 0.3592554640625 0.5175496421875 0.35812978125 0.5175087 0.3568142078125 0.5171873078125 0.35515163906249997 0.5162620265625 0.35429235000000003 0.51919754375 0.35313934375 0.520683725 0.3515027328125 0.52140839375 0.3507786890625 0.5219713406250001 0.3505368859375 0.52 0.3517445359375 0.51553940625 0.3519057375 0.5141310140625001 0.35029508125 0.51340839375 0.3484439890625 0.5131668375 0.3467267765625 0.5158996921875 0.3484439890625 0.5185138171875 0.35021448125 0.5275987718749999 0.35120765 0.5563418625 0.3505901640625 0.5669150453125 0.367920765625 0.5668741046875 0.36864617499999996 0.601046059375 0.3644877046875 0.61378915 0.3685655734375 0.6436581375 0.3722131140625 0.6429334703125 0.37562158437500004 0.6383520984375 0.376345628125 0.633809621875 0.37841120156249997 0.6285015359375 0.379269125 0.6261310140624999 0.3807445359375 0.6233961109374999 0.3809863390625 0.6199385875 0.3802622953125 0.6164831109375 0.37865300468749996 0.606431934375 0.37865300468749996 0.6014882296875 0.3790286890625 0.5978300921875 0.38133469999999997 0.5956581375 0.382569671875 0.59437256875 0.3839112015625 0.593848515625 0.3879344265625 0.5918382796875 0.39048360625 0.5910747187500001 0.39303278750000004 0.592362334375 0.3936489078125 0.5927246671875 0.394508196875 0.5930849546875 0.39533879843749997 0.59147799375 0.396680328125 0.5898300921875 0.4011871578125 0.5814268171875 0.40266393437500003 0.5794165812500001 0.40400409843749996 0.5764831109374999 0.40569535468750006 0.5739508703125 0.41513797812500003 0.5485424765625 0.423079234375 0.5359611046875 0.42903551875 0.5356397140625 0.43831694062500004 0.5356397140625 0.44537295156249995 0.537287615625 0.43830603906250004 0.45917115468749997 0.44545355156250005 0.53768884375 0.45996721249999994 0.5382927328125 0.4674521859375 0.5386141249999999 0.4753934421875 0.537971340625 0.4778347 0.537287615625 0.48312021875 0.5349948828125 0.48577595625000003 0.5336683718749999 0.49768715781250006 0.5376499484374999 0.5005573765625 0.5402620265625 0.5009877046875 0.5409457515625 0.5100546453125 0.539940634375 0.512040984375 0.5386141249999999 0.516868853125 0.5356397140625 0.5173251359375 0.5336683718749999 0.519524590625 0.5313367453125 0.5234959015625 0.5323418625 0.5259371578125001 0.5349948828125 0.5270368859375 0.5366448312500001 0.5290218578125 0.5389764578125 0.5343073765625 0.548865915625 0.5398333328125 0.5491873078125 0.5479890703125 0.548865915625 0.5566010921875 0.5472159671875 0.5623428968749999 0.5472159671875 0.575353825 0.5472159671875 0.5850655734375 0.5498689859375 0.6000887984375 0.551598771875 0.6041666671875 0.5519999999999999 0.6049713109375 0.5524831109375 0.607842896875 0.553729784375 0.6111693984375 0.555940634375 0.6123756828125 0.5569846468749999 0.6119207656250001 0.5677584437500001 0.6110081968750001 0.56852200625 0.6108743171875 0.569287615625 0.6108743171875 0.5711770734375 0.6114098359375 0.575598771875 0.61127595625 0.5796192421875 0.6104986343750001 0.5832364375 0.6097472671874999 0.5855271234375 0.61025683125 0.5866939609374999 0.6108743171875 0.587256909375 0.6152199453125 0.5910747187500001 0.617527321875 0.5962620265624999 0.6171516390625 0.5989150453125001 0.6161325140625 0.60028045 0.6158633874999999 0.6008433984375 0.6161325140625 0.6033367453125 0.616748634375 0.605226203125 0.621095628125 0.618773796875 0.624394809375 0.6293060390624999 0.6261926234375 0.629748209375 0.6287418031249999 0.612221084375 0.6252267765624999 0.596462640625 0.62613934375 0.5596786078125 0.6526174859375 0.558673490625 0.6515710375 0.5489457515625 0.6523497265625 0.5479795296875001 0.6550327874999999 0.547418628125 0.6492377046875 0.48631320312500004 0.6686079234375 0.4872773796875 0.66512021875 0.5472569093749999 0.6675614750000001 0.5493080859374999 0.6675614750000001 0.55320573125 0.6672390703125 0.5541310140625 0.6660314203125 0.5594370515625 0.689774590625 0.5589559875 0.700157103125 0.5789744109375 0.699137978125 0.6206632546875 0.6920286890625 0.6205424765625 0.697715846875 0.6555168890624999 0.7417404375000001 0.6553961109374999 0.7464617484375 0.5819897640625 0.7538661203125 0.5835578296875 0.7669316937499999 0.24016581406249998 0.7839398906249999 0.23421494375 0.7836980875 0.231361309375 0.7862472671875 0.23075742031250002 0.7912377046875 0.23075742031250002 0.7923907109375 0.2286673484375 0.7903251359375 0.2277031734375 0.7893060109375 0.2261760484375 0.7893060109375 0.22255680625 0.7893060109375 0.22082906875 0.7868907109375 0.21853633593750002 0.7850942625 0.218335721875 0.7845833328125 0.21487819843749997 0.7845833328125 0.21431524999999998 0.7830546453125 0.21106038906250002 0.7835642078125 0.20953326562500002 0.785603825 0.2078034796875 0.7862472671875 0.204949846875 0.7871325140625001 0.2036233375 0.7857377046875 0.20265711406250003 0.7844767765625 0.2018935515625 0.7843428968749999 0.1989989765625 0.7845040984375 0.1976724671875 0.7855232234375 0.1975516890625 0.7868647546875 0.199441146875 0.78753551875 0.2004462640625 0.7882595625000001 0.201330603125 0.789225409375 0.201533265625 0.7903251359375 0.201330603125 0.791290984375 0.19831729843749998 0.7916666671875 0.1967881265625 0.7926857921875 0.1952200609375 0.794241803125 0.1926878203125 0.7946980875 0.1897932453125 0.7951270484374999 0.18935107499999998 0.7948319671874999 0.18738178125 0.7948319671874999 0.1856131015625 0.795663934375 0.1853715453125 0.7968975406250001 0.1869396109375 0.7971926234375 0.187140225 0.7982390703125 0.187140225 0.799043715625 0.1877031734375 0.79971448125 0.18834595625 0.8003852453125001 0.1885875125 0.8013510921875 0.18605527187499998 0.8019685796875 0.18296008125000002 0.7995 0.1825179125 0.7993661203125 0.181351075 0.79998360625 0.1795435 0.799043715625 0.1772118734375 0.8001174859375 0.175602865625 0.800894809375 0.174919140625 0.79998360625 0.1742354140625 0.7984275953125 0.1735537359375 0.7967636609375 0.1728700109375 0.7962814203125 0.17101944687499998 0.797353825 0.16848720625 0.79858743125 0.16848720625 0.7998224046875 0.1661965203125 0.8005737703125 0.1643868984375 0.8015122953124999 0.16551279375 0.8019685796875 0.16599590625 0.8034972671875 0.165070625 0.8044098359375 0.165070625 0.8058046453125 0.16599590625 0.8067172125000001 0.1661965203125 0.808540984375 0.1668802453125 0.8114658468749999 0.16965404374999998 0.8106871578125 0.171261003125 0.812699453125 0.172427840625 0.8137732234374999 0.1737932453125 0.8111434421875 0.1742354140625 0.8089972671875 0.1740348 0.808540984375 0.175844421875 0.8093196718750001 0.17745138124999998 0.8099357921875001 0.1788188328125 0.810230875 0.1795435 0.8113046453124999 0.18022517968750001 0.8117609296875001 0.180427840625 0.81192213125 0.1820348 0.8131557375 0.18436642812499998 0.8136120218749999 0.185050153125 0.8142281421875 0.186859775 0.8153019125000001 0.18710133125 0.816053278125 0.18710133125 0.8154357921875001 0.1827594671875 0.814845628125 0.1811504609375 0.8168306015625 0.1818341859375 0.8180382515625 0.18344319375 0.8223306015625 0.185050153125 0.8226530046875 0.1852507671875 0.8246379781250001 0.1838853640625 0.8237254093749999 0.1857338796875 0.8231092890625 0.1861760484375 0.8229480875 0.188708290625 0.8240204921875 0.1914820875 0.8244767765625 0.192366428125 0.825871584375 0.193291709375 0.8264890703125 0.19421494374999998 0.826784153125 0.1965076765625 0.8274016390625001 0.1985977484375 0.8281530046875 0.19903991875 0.828930328125 0.201813715625 0.8290915296874999 0.203422721875 0.8283128421875 0.209813715625 0.826784153125 0.2105363359375 0.825871584375 0.211422721875 0.8261666671875 0.21487819843749997 0.8266229515625 0.2158034796875 0.828017759375 0.21624564999999998 0.8286352453125 0.21536130937500003 0.829842896875 0.21375435 0.8307540984375 0.21351279375 0.833061475 0.21419652031249997 0.8326051906249999 0.21717093125 0.8312377046874999 0.218335721875 0.831076503125 0.21926100312500002 0.83062021875 0.2245261 0.8309153 0.22706038906249998 0.831076503125 0.22842579375 0.8326051906249999 0.23071852656249997 0.8341352453124999 0.23071852656249997 0.8364426234375 0.23071852656249997 0.8392049187499999 0.2314022515625 0.8392049187499999 0.2249703171875 0.8394999999999999 0.2121453421875 0.8384275953125 0.20410440156249998 0.8402513656249999 0.20659774843749998 0.8444098359375 0.205471853125 0.84856830625 0.20398567031249998 0.8508224046875 0.20398567031249998 0.8530751359375 0.20406550625 0.8568306015625 0.204546571875 0.8602117484375 0.203783009375 0.863699453125 0.2021351078125 0.8683401640625 0.2021760484375 0.8754767765624999 0.2021760484375 0.8763087437499999 0.203140225 0.8791789624999999 0.20040736875 0.8804672124999999 0.20040736875 0.8803592890624999 0.205351075 0.8800368859375001 0.2072814734375 0.8777035515625 0.22050767656249998 0.8749398906250001 0.23071852656249997 0.9859262296875 0.22902968281249997 1 0.2280614125 1 0 0.0337117484375 0
0 0.40391256875000003 0.8777420671874999 0.3992786890625 0.8780716484375001 0.39883743125 0.8896438078125 0.401043715625 0.8896438078125 0.40391256875000003 0.8777420671874999
0 0.42354917968750005 0.8764196515625 0.4063387984375 0.8784032749999999 0.404353825 0.8896438078125 0.4202390703125 0.8889826 0.42354917968750005 0.8764196515625
0 1 0.65070215 0.984180328125 0.650094165625 0.9810232234375 0.733664278125 0.9731079234375001 0.7309211875 0.974709015625 0.650368475 0.9694016390625 0.650368475 0.9686243171875001 0.6797113609375 0.9619904375000001 0.6789559875 0.9630423499999999 0.649203684375 0.96038934375 0.6694268171875 0.9543046453124999 0.6698382796875 0.9505983609375 0.6678505625 0.95247404375 0.6496131015625 0.8849453546875001 0.651533265625 0.8748811468750001 0.6829334703125001 0.8692991796875 0.6805322421875 0.8772595624999999 0.6519447281249999 0.824829234375 0.6535209828124999 0.8232281421875 0.6734022515625 0.8179658468750001 0.6753920156250001 0.8181953546875 0.654343909375 0.793855190625 0.655510746875 0.792482240625 0.6900614125 0.7395942625 0.675871034375 0.7417404375000001 0.6553961109374999 0.697715846875 0.6555168890624999 0.7006598359375 0.6868393046875 0.6982349734375 0.6871832140625 0.69283743125 0.6565383828125 0.687163934375 0.6559897640625 0.6867978140625 0.6598280453125 0.683274590625 0.6601023546875 0.6829084703125 0.65571545625 0.636060109375 0.65756601875 0.6387131140625 0.6664790171874999 0.641137978125 0.6688106453125 0.64246448125 0.6730603890625 0.6431516390625001 0.6753920156250001 0.6469030046875 0.6830010234375 0.64932786875 0.6866345953125 0.65083743125 0.6912958031249999 0.651980875 0.6945875125 0.6545887984375 0.7041842375 0.661680328125 0.7183766625 0.67288934375 0.7388741046875 0.6808046453125 0.75827635625 0.6819030046875 0.7650624359375 0.6824057375 0.770616171875 0.6866612015625 0.788028659375 0.6930204921875001 0.8167553734374999 0.694163934375 0.8407492328125 0.694163934375 0.8618648921875 0.6857459015625 0.8624135109375001 0.680027321875 0.8635783015625 0.6625040984375 0.8687205734375001 0.636196721875 0.8698853640624999 0.6209617484375001 0.8709825999999999 0.5923674859375 0.8721473906250001 0.5944262296875 0.88455680625 0.713836065625 0.8852425796875 0.727561475 0.8777011265624999 0.77720765 1 1 1 1 0.65070215
0 0.22671448125000002 1 0.27322404375 0.8904810640624999 0.381147540625 0.8863868984375 0.3825136609375 0.876151484375 0.3360655734375 0.88024565 0.3306010921875 0.8474923234375 0.3265027328125 0.837256909375 0.322404371875 0.8352098265624999 0.3210382515625 0.78812691875 0.3265027328125 0.7737973390625 0.3265027328125 0.7635619250000001 0.3265027328125 0.7615148406250001 0.3292349734375 0.7471852609375 0.33743169375000004 0.73285568125 0.33743169375000004 0.72671443125 0.34153005468750003 0.7164790171875 0.345628415625 0.7082906859375 0.3497267765625 0.7041965203125 0.352459015625 0.698055271875 0.35519125625000003 0.6857727734375 0.3565573765625 0.683725690625 0.3538251359375 0.6632548625 0.3101092890625 0.6632548625 0.30874316875 0.6673490281250001 0.30737704843749997 0.6673490281250001 0.3060109296875 0.6673490281250001 0.3060109296875 0.6632548625 0.2950819671875 0.6632548625 0.29098360625 0.6960081890625001 0.288251365625 0.6939611046875 0.29097950781250004 0.6644810640625 0.23407786874999997 0.6655271234375 0.1967213109375 0.706243603125 0.188524590625 0.7082906859375 0.11748633906249999 0.706243603125 0.1147540984375 0.706243603125 0.11338797812500001 0.7492323437499999 0.0628415296875 0.7737973390625 0.0450819671875 0.7656090078125 0.035519125 0.7553735921875 0.025956284375 0.7471852609375 0.002732240625 0.4728761515625 0 0.5369375640625 0 1 0.22671448125000002 1
1 0.821826503125 0.330438075 0.8238060109375 0.330438075 0.8242527328125 0.33175844374999997 0.8235887984374999 0.335392015625 0.8229248640625 0.33738178125 0.8215969953125001 0.33870215 0.8213797812499999 0.3410174 0.8196188531249999 0.34497850625000004 0.81702595625 0.40191811718750003 0.826602459375 0.402683725 0.8310847000000001 0.326458546875 0.8211625687499999 0.32680245625 0.821826503125 0.330438075
1 0.9914603828124999 0.3635905828125 0.9927377046875 0.3640696015625 0.9970997265625 0.32181780937500004 0.9846502734374999 0.3216581375 0.9810327875 0.36821494375 0.982628415625 0.3658239515625 0.9914603828124999 0.3635905828125
1 0.8145491796875 0.2514943703125 0.81250683125 0.25053838281249996 0.8114849734374999 0.24728556875000002 0.8111010921874999 0.2447983625 0.8107185796874999 0.243842375 0.8103989078125 0.24125895625 0.810603825 0.23726100312499998 0.8096461749999999 0.239172978125 0.808586065625 0.24030296875 0.8079480875 0.24093347031249998 0.8076284156250001 0.2418915046875 0.80848360625 0.244128965625 0.808688525 0.2452384859375 0.8067732234375 0.24891299843749998 0.8072076499999999 0.24969703124999998 0.8080505468749999 0.2511320375 0.8093265031250001 0.2535230296875 0.808688525 0.2551299890625 0.8081653 0.2551299890625 0.8075259562499999 0.2551299890625 0.8060327875000001 0.2543275328125 0.8056120218749999 0.2565649953125 0.8047554640625 0.25910951875 0.8064535515625 0.2605445234375 0.8065696718750001 0.2627840328125 0.8058155734374999 0.26326305 0.8037978140625001 0.2629375640625 0.8024193984375 0.263414534375 0.8023046453125 0.2638935515625 0.8040150265625 0.265175025 0.8056120218749999 0.2654820875 0.8058155734374999 0.26628454375 0.8057131140625 0.2680450359375 0.8056120218749999 0.26948004062500003 0.804972678125 0.2713940640625 0.804972678125 0.273134084375 0.80529235 0.27361310156249996 0.806887978125 0.2745690890625 0.8072076499999999 0.279353121875 0.8067732234375 0.281265096875 0.80625 0.2815905828125 0.8043347000000001 0.2814391 0.8035806015625001 0.2814391 0.8057390703125 0.2884216984375 0.8146762296875 0.2882313203125 0.8151871578125001 0.264888434375 0.8159535515625 0.25245240468749996 0.8145491796875 0.2514943703125
1 0.79574316875 0.287748209375 0.8016270484374999 0.287748209375 0.8012595625 0.287471853125 0.799972678125 0.2847164796875 0.79831830625 0.28278812656249996 0.7972144812499999 0.281410440625 0.7994207656250001 0.2775537359375 0.8001557375000001 0.2764524046875 0.7997882515625 0.2758996921875 0.798868853125 0.27507471875 0.7972144812499999 0.2714923234375 0.7973989078125 0.2701146359375 0.7964795078125 0.269563971875 0.7948237703125 0.2673592625 0.794456284375 0.2651545546875 0.7951926234375 0.26129785 0.7997882515625 0.26157420625 0.8021789625 0.262124871875 0.8001557375000001 0.2582681671875 0.7990532781249999 0.25689048125 0.8021789625 0.2546857734375 0.8025464484375 0.25248106406250004 0.8016270484374999 0.25248106406250004 0.7997882515625 0.2527574203125 0.7994207656250001 0.250278403125 0.7992363390625 0.249175025 0.7973989078125 0.24559467812500002 0.7973989078125 0.24476765625 0.7972144812499999 0.24366632500000002 0.7953756828125 0.24036028593749997 0.7913306015625 0.23732855625 0.78986065625 0.2882988734375 0.792066940625 0.2894002046875 0.7942732234375 0.2885731828125 0.79574316875 0.287748209375
0 0.5727964484375 0.8716929375 0.557189890625 0.871561925 0.5585204921875 0.8867082906249999 0.574303278125 0.8868413515625001 0.5727964484375 0.8716929375
1 0.7697609296875 0.5754554765625 0.7616407109375001 0.5687983625 0.7608743171875 0.586247696875 0.7682281421875 0.587625384375 0.7697609296875 0.5754554765625
1 0.7832404375 0.2422886390625 0.7747827875 0.243940634375 0.7733128421875 0.293533265625 0.7812185796875 0.29270624375 0.7832404375 0.2422886390625
1 0.8304576499999999 0.2531156609375 0.8286188531249999 0.2566980546875 0.8286188531249999 0.2569723640625 0.8275150265625 0.2575230296875 0.8254931687499999 0.25779938593749996 0.8251243171875 0.25779938593749996 0.8243893437500001 0.2627594671875 0.8236543718749999 0.26578915 0.8236543718749999 0.2682681671875 0.82494125625 0.2690951890625 0.82586065625 0.26937154531249996 0.82586065625 0.2759836234375 0.82530874375 0.278186284375 0.8245737703125 0.28039099218749997 0.8245737703125 0.2823193453125 0.8240218578125 0.2872794265625 0.821998634375 0.29003480000000004 0.8243893437500001 0.2925138171875 0.8227349734375 0.3186878203125 0.8304576499999999 0.3186878203125 0.8339508203125 0.2465035828125 0.832112021875 0.2517379734375 0.8304576499999999 0.2531156609375
1 0.83192213125 0.5445752296874999 0.8403032781249999 0.5458853640625 0.8387554640625 0.557134084375 0.8416202187499999 0.5574554765624999 0.8416202187499999 0.5452425796875 0.8508907109375 0.5472159671875 0.8504467218749999 0.5578014328124999 0.8530969953125 0.5578014328124999 0.8528825140625 0.5458853640625 0.8625806015625 0.54788126875 0.8619221312500001 0.5587881265625 0.864128415625 0.5584667343749999 0.8636844265624999 0.5475373593749999 0.8656762296875 0.5475373593749999 0.873842896875 0.5495353125 0.8751598359375 0.556147390625 0.9045013656249999 0.55449539375 0.9018510921875 0.5482026609374999 0.9003196718750001 0.5462292734374999 0.899644809375 0.5442313203125 0.899644809375 0.5399385875 0.899644809375 0.53828454375 0.898326503125 0.5376192421875 0.8970095625000001 0.5366325484375001 0.8948032781249999 0.534313203125 0.895232240625 0.5323377687499999 0.8956762296875 0.531351075 0.89722404375 0.531351075 0.898112021875 0.5306857734375 0.898112021875 0.5270583421875 0.9018510921875 0.5280450359375 0.9117800546874999 0.5230870015625 0.9181844265624999 0.491011259375 0.83192213125 0.49300921249999996 0.8288265031250001 0.5558034796875 0.8314781421875 0.5554820874999999 0.83192213125 0.5445752296874999
1 0.8227896171875001 0.49367451406249996 0.8131366124999999 0.49436438125000004 0.8100724046875 0.5593387921875 0.819878415625 0.5572732859375 0.8227896171875001 0.49367451406249996
1 0.7732199453125 0.49526305 0.764946721875 0.49140634531250005 0.7614535515624999 0.561111565625 0.7702786890625 0.5580798359375 0.7732199453125 0.49526305
1 0.7759672125 0.412098259375 0.7678032781249999 0.4104442171875 0.7651557375 0.4828495390625 0.7728784156249999 0.48152712343750004 0.7759672125 0.412098259375
1 0.7801133874999999 0.3269355171875 0.7711748640625 0.327318321875 0.76798360625 0.4034677578125 0.776027321875 0.40308495468750005 0.7801133874999999 0.3269355171875
1 0.8169057375 0.6165179125 0.8137800546875 0.6085261 0.81451639375 0.597783009375 0.8181939890625 0.5947512796875001 0.8181939890625 0.5754657109375 0.8082650265625 0.5757420671875 0.8071612015625 0.6311197546875 0.8167226781249999 0.6302927328125 0.8169057375 0.6165179125
1 0.8271325140625001 0.4112384859375 0.8161010921875 0.41024564999999996 0.8141147546875 0.48033572187500007 0.8238237703125 0.48033572187500007 0.8271325140625001 0.4112384859375