1 0.5468366671875 0.275095 0.632325 0.2632625 0.6315000000000001 0.24940250000000003 0.5437566671875 0.26191 0.5437566671875 0.2654025 0.5474383328125 0.2661925 0.5468366671875 0.275095
0 0.9249516671875 1 0.9215566671875 0.9933099999999999 0.919125 0.7387225 0.9043933328125 0.715855 0.8629883328125001 0.71027 0.86294 0.7106075 0.8587049999999999 0.7772625 0.8584350000000001 0.779415 0.8596016671875001 0.78426 0.8601183328124999 0.7881625 0.8583000000000001 0.79284 0.85442 0.7930425 0.8513016671875 0.791865 0.8501350000000001 0.7905175 0.848565 0.7877925 0.8483183328124999 0.7866150000000001 0.8490816671875001 0.7840925000000001 0.8500016671875 0.7809625 0.8503816671875001 0.7799875000000001 0.8515483328125001 0.7768925 0.8498433328124999 0.7644425 0.8496416671875 0.71092 0.7837166671875 0.6988975 0.7837633328125 0.6992375 0.7843899999999999 0.7066375 0.7816983328125 0.71 0.7740716671875 0.714375 0.765995 0.7116825 0.762855 0.709665 0.7505183328125 0.709665 0.743565 0.70428 0.741545 0.7032725 0.73863 0.7079825 0.7341433328125 0.70832 0.7307783328124999 0.70832 0.7280866671874999 0.70832 0.72046 0.7036075 0.7193383328125 0.70159 0.7193383328125 0.69856 0.718665 0.6968799999999999 0.71732 0.690485 0.6825516671875 0.6827475 0.682685 0.7346975 0.68134 0.7482575 0.677975 0.74893 0.67461 0.7740975 0.6653016671875001 0.83971 0.6597166671875 0.8869849999999999 0.65541 0.9281675 0.6532549999999999 0.9701599999999999 0.6502333328125001 1 0.9249516671875 1
0 0.62707 1 0.6260916671875 0.970065 0.6222033328125 0.9706250000000001 0.5018783328125 0.93137 0.18204499999999998 0.82154 0.1853166671875 0.9057700000000001 0.069435 1 0.62707 1
0 0.1728666671875 0.8233349999999999 0.171935 0.8258575 0.1711833328125 0.8297800000000001 0.17080833281250002 0.833995 0.17080833281250002 0.8381975 0.17080833281250002 0.8429650000000001 0.17080833281250002 0.848575 0.1700633328125 0.869885 0.1698766671875 0.8763299999999999 0.1657666671875 0.8794175 0.1633333328125 0.87829 0.162725 0.8908875 0.178125 0.8981 0.17642 0.82081 0.1741733328125 0.8182875 0.1728666671875 0.8233349999999999
0 0.1036816671875 0.8547174999999999 0.1016066671875 0.8548500000000001 0.0929516671875 0.8600424999999999 0.093405 0.8620175 0.1563633328125 0.8889549999999999 0.157445 0.8754875 0.1036816671875 0.8547174999999999
0 0.1503783328125 0.8368225 0.14970333281249998 0.8253975 0.11228833281249999 0.8484524999999999 0.1564533328125 0.865095 0.1583233328125 0.8480375 0.1609716671875 0.838925 0.1503783328125 0.8368225
0 1 0.8678649999999999 0.9998416671875001 0.866015 0.9514033328125 0.7899 0.9378816671875001 1 1 1 1 0.8678649999999999
1 0 0 0 0.4360425 0.04475 0.4238625 0.043633332812499995 0.41545249999999995 0.0531616671875 0.41545249999999995 0.054098332812500004 0.42498500000000006 0.0912666671875 0.42597250000000003 0.1150466671875 0.4286625 0.12042 0.5502925000000001 0.0560733328125 0.5601925 0.0560733328125 0.560855 0.057136667187500004 0.5612325 0.059643332812500005 0.56245 0.0594533328125 0.5633825 0.059770000000000004 0.564045 0.06058 0.5648825000000001 0.061706667187499994 0.565925 0.061770000000000005 0.5670474999999999 0.061770000000000005 0.570995 0.0622033328125 0.57343 0.06445666718750001 0.58161 0.068135 0.5869375 0.07422 0.5942525 0.0849566671875 0.5984849999999999 0.0915 0.60065 0.09640499999999999 0.6029875 0.1000466671875 0.6062350000000001 0.10367 0.6104125 0.1064916671875 0.61678 0.10769999999999999 0.6229875 0.10792500000000001 0.6315999999999999 0.106555 0.6407025 0.1041116671875 0.648435 0.10158833281249999 0.65398 0.0947366671875 0.662405 0.09572833281250001 0.6633899999999999 0.1448583328125 0.6718149999999999 0.1419916671875 0.4071625 0.1432533328125 0.40486500000000003 0.15289999999999998 0.4032425 0.17431000000000002 0.40266 0.1943216671875 0.3953575 0.21692999999999998 0.383095 0.23928666718749997 0.3722775 0.2611116671875 0.367855 0.2806466671875 0.3672875 0.2993516671875 0.372075 0.313775 0.3774825 0.3286483328125 0.38600249999999997 0.3419733328125 0.3973725 0.3540516671875 0.41022 0.3640583328125 0.419415 0.3737666671875 0.4242825 0.3760033328125 0.4242825 0.3778066671875 0.4240125 0.37828333281250004 0.44758 0.3825116671875 0.44418749999999996 0.38409 0.44374 0.388145 0.44351 0.38897499999999996 0.44351 0.39039999999999997 0.44475499999999996 0.391455 0.4467825 0.3925816671875 0.44915000000000005 0.3928783328125 0.45084 0.3924283328125 0.456695 0.3913016671875 0.46064249999999995 0.3915983328125 0.4618725 0.39340166718749997 0.4689725 0.3974216671875 0.484415 0.400505 0.48914749999999996 0.40030666718749996 0.4433625 0.4239516671875 0.44179250000000003 0.4238716671875 0.4359375 0.42766666718749996 0.43626250000000005 0.427855 0.44179250000000003 0.4287933328125 0.4416175 0.4306583328125 0.4418475 0.4308216671875 0.2603275 0.011975 0 0 0
1 0.7287899999999999 0.244545 0.7282466671875001 0.2403225 0.727815 0.2380525 0.72987 0.23708 0.731275 0.23691749999999998 0.7333333328125 0.2348075 0.6340666671874999 0.24914999999999998 0.6343433328125 0.2633975 0.7310616671875 0.25233249999999996 0.7287899999999999 0.244545
1 0.0895983328125 0.780045 0.0911133328125 0.78962 0.0929516671875 0.8600424999999999 0.1016066671875 0.8548500000000001 0.09792833281249999 0.80617 0.0958733328125 0.795785 0.0895983328125 0.780045
1 0.07271 0.8102075 0.0715883328125 0.8357224999999999 0.07009333281249999 0.8629225 0.00766 0.8988125 0.0186883328125 0.908135 0.0873833328125 0.8651424999999999 0.0862783328125 0.7770975 0.0788783328125 0.7928225 0.07271 0.8102075
1 0.034255 0.8340375 0.0314816671875 0.8470375000000001 0.0232716671875 0.86751 0.0120466671875 0.8910899999999999 0.0638366671875 0.8588275 0.0636483328125 0.8324624999999999 0.067605 0.80113 0.0760033328125 0.781265 0.085075 0.7648325 0.07616500000000001 0.7553449999999999 0.0392883328125 0.77222 0.0357616671875 0.8194625 0.034255 0.8340375
1 0.10049833281250001 0.7929350000000001 0.10467 0.814495 0.1058283328125 0.8464325 0.11228833281249999 0.8484524999999999 0.14970333281249998 0.8253975 0.14830333281250002 0.8104175 0.146905 0.81066 0.1449666671875 0.723325 0.0978883328125 0.7450875 0.0910233328125 0.7636625 0.095815 0.7765825000000001 0.10049833281250001 0.7929350000000001
1 1 0.6964125 0.9540733328125001 0.6906399999999999 0.9514033328125 0.7899 1 0.8678649999999999 1 0.6964125
1 1 0.049867499999999995 0.9085983328125 0.19119 0.9094633328124999 0.47563750000000005 0.9106016671875 0.4752675 0.9130683328125 0.4752675 0.9137416671875 0.4752675 0.9148633328125 0.47425750000000005 0.9150883328124999 0.47358500000000003 0.915985 0.4719025 0.9164333328125001 0.4708925 0.9177799999999999 0.46988250000000004 0.91935 0.46988250000000004 0.9202466671874999 0.46988250000000004 0.920695 0.47022 0.9229383328124999 0.471565 0.9238366671874999 0.4719025 0.9245083328125 0.471565 0.9263033328124999 0.4708925 0.9269766671875 0.4708925 0.9276500000000001 0.47257499999999997 0.9292199999999999 0.47358500000000003 0.93079 0.47291 0.9316866671874999 0.47257499999999997 0.932135 0.4719025 0.9323600000000001 0.471565 0.9350516671875001 0.47291 0.9359483328125 0.4745925 0.9375183328125001 0.47594000000000003 0.9404350000000001 0.47594000000000003 0.94694 0.47594000000000003 0.9494083328125 0.47627499999999995 0.9512016671874999 0.4766125 0.9527716671875 0.477285 0.9552400000000001 0.4789675 0.9561366671875 0.47863 0.9568099999999999 0.47829499999999997 0.9568099999999999 0.4809875 0.95838 0.48401500000000003 0.9612966671875001 0.4860325 0.9651099999999999 0.49108 0.9678016671874999 0.49814499999999995 0.9686983328125001 0.5065575 0.9657833328125 0.51396 0.9642116671875 0.515305 0.964885 0.516315 0.9671283328125 0.5169875 0.96668 0.5176624999999999 0.9653333328124999 0.5193450000000001 0.964885 0.52069 0.9664550000000001 0.5213625000000001 0.9628666671874999 0.5227075 0.96197 0.525065 0.9626416671875001 0.527755 0.9630916671875 0.53011 0.961745 0.5351575000000001 0.9606233328125 0.5354949999999999 0.9606233328125 0.5398675 1 0.5552625 1 0.434555 0.9765499999999999 0.437245 0.9767733328125001 0.4396 0.9725116671875 0.4396 0.9693716671875 0.4396 0.9678016671874999 0.43892749999999997 0.9675766671874999 0.4379175 0.9527716671875 0.43859000000000004 0.9415566671875 0.238055 1 0.1754375 1 0.049867499999999995
1 0.9073533328125001 0.66377 0.9043933328125 0.715855 0.919125 0.7387225 0.9195733328125 0.68455 0.9233866671875001 0.684215 0.9073533328125001 0.66377
1 0.8667083328125 0.6120875 0.86294 0.7106075 0.9043933328125 0.715855 0.9068149999999999 0.67669 0.9073533328125001 0.66377 0.8667083328125 0.6120875