0 0.5823828125 0.6089449 0.5758593750000001 0.60876905 0.573359375 0.6332356390625 0.579 0.6466588515625 0.5823828125 0.6089449
0 1 0.7412426734374999 0.885 0.6808206328125 0.7863203125 0.6067878078125 0.725890625 0.6067760843750001 0.731671875 0.6628839390625 0.729359375 0.6652051578125 0.727046875 0.6652051578125 0.7216484375000001 0.6634701062499999 0.6661328125 0.6657796015625 0.6661328125 0.6681008203125 0.660734375 0.6681008203125 0.661125 0.6652051578125 0.6580390625 0.6652051578125 0.65996875 0.6842907390625 0.6576562499999999 0.6848769046875 0.656109375 0.6848769046875 0.6541796875 0.6837162953125 0.63953125 0.6611488859375 0.63953125 0.6571043375000001 0.6268125 0.638007034375 0.625265625 0.6333880421875 0.6248828125 0.6322274328125 0.6214140625 0.5934701062500001 0.606375 0.5923094953125 0.5975078125 0.5917350531250001 0.589796875 0.6871864015625 0.5874843750000001 0.6854513484375 0.579390625 0.6640445484375 0.57784375 0.6628839390625 0.5786171875 0.6490035171875 0.57321875 0.63627198125 0.5716796875 0.63627198125 0.5716796875 0.6322274328125 0.5739921875 0.6090855796875 0.5674375 0.6090855796875 0.5747656250000001 0.6900820640625 0.5716796875 0.6906565062500001 0.5643515625 0.6646189921875 0.563578125 0.6547948421875 0.5597265625000001 0.6547948421875 0.5551015625 0.634536928125 0.553171875 0.6090855796875 0.51153125 0.6113950765625 0.5053671875 0.6883470109375 0.5018984375 0.6883470109375 0.5018984375 0.6825556859375 0.5018984375 0.6640445484375 0.5018984375 0.6333880421875 0.5042109375 0.6119812421875 0.490328125 0.6113950765625 0.49418749999999995 0.65767878125 0.49264062500000005 0.6900820640625 0.4895625 0.689495896875 0.482234375 0.6119812421875 0.4575625 0.6108206328125 0.439828125 0.6113950765625 0.438671875 0.6385932000000001 0.4332734375 0.6553692843750001 0.42325 0.6883470109375 0.42132031249999996 0.6883470109375 0.420546875 0.6733059781249999 0.42093749999999996 0.6484290734375 0.419390625 0.6484290734375 0.418625 0.6686752640625 0.4143828125 0.66924970625 0.354234375 0.6681008203125 0.353078125 0.670984759375 0.3499921875 0.670984759375 0.3499921875 0.6698358734375 0.34652343750000003 0.6698358734375 0.344984375 0.66924970625 0.344984375 0.6663540453125 0.344984375 0.6617350531249999 0.3480703125 0.6125556859375 0.269625 0.6145720984375 0.26942187500000003 0.6142907390625 0.2623359375 0.620633059375 0.21081249999999999 0.6218640093750001 0.14896875 0.655990621875 0.16725 0.6547948421875 0.1730390625 0.6582649468749999 0.1738046875 0.6652051578125 0.1738046875 0.6767760843749999 0.2817578125 0.6831418515625 0.283296875 0.7126377484375 0.2925546875 0.7143728015625 0.30257812500000003 0.7155334109375 0.316453125 0.7172684640625 0.3322578125 0.71785463125 0.35269531249999997 0.71785463125 0.37428125 0.71785463125 0.3881640625 0.7184290734375 0.4024296875 0.7184290734375 0.41014062500000004 0.7161078546875 0.41823437500000005 0.7137983593749999 0.419390625 0.7288393906249999 0.3178828125 1 1 1 1 0.7412426734374999
0 0.7049531250000001 0.641864009375 0.7059296875000001 0.6412778421875001 0.70359375 0.6077256734375001 0.65965625 0.609191090625 0.6592734375 0.642438453125 0.702234375 0.6427315359375 0.7049531250000001 0.641864009375
0 0.7292500000000001 0.6604454859375 0.7238125 0.6076436109375 0.7236171875 0.6079366937499999 0.706703125 0.6082297765625 0.707484375 0.6435169984375 0.7065078125 0.64468933125 0.703984375 0.6452754984375 0.6588828125 0.646143025 0.6584921875 0.6624853453124999 0.7276953125000001 0.6607385703124999 0.7292500000000001 0.6604454859375
0 0.63575 0.610937865625 0.6254453125 0.6094841734374999 0.6264140625 0.632520515625 0.63575 0.645943728125 0.63575 0.610937865625
0 0.6494921875 0.6099413828125 0.6432734375 0.608487690625 0.6407421875 0.6429073859375001 0.6535703125000001 0.6434935515625 0.6494921875 0.6099413828125
0 0.653 0.64679953125 0.64053125 0.6463071515625 0.6418203124999999 0.6596834703125001 0.6528359375 0.6715943734375001 0.653 0.64679953125
0 0.589046875 0.6785932 0.593828125 0.609015240625 0.5852734374999999 0.6095193437499999 0.580875 0.657878078125 0.5806875 0.6625439625 0.589046875 0.6785932
0 0.565203125 0.6102110203125 0.5618984375 0.610504103125 0.5663437499999999 0.6623681125 0.5725703125 0.6786987109375 0.565203125 0.6102110203125
0 0.5585703125 0.609542790625 0.5550703125 0.60924970625 0.5572109375000001 0.637831184375 0.561484375 0.6474912078124999 0.5585703125 0.609542790625
0 0.3484140625 0.6667409140625 0.41467968749999995 0.666494725 0.41694531250000005 0.6662368109375 0.41792187500000005 0.6652754984375 0.41792187500000005 0.6497303640625 0.36428906250000004 0.6499765531249999 0.3620234375 0.648968346875 0.3608984375 0.6477960140625 0.36148437499999997 0.6126846421875001 0.3502890625 0.6130949593749999 0.34678906249999997 0.6643024625 0.3479375 0.6662368109375 0.3484140625 0.6667409140625
0 0.41646875000000005 0.6168933171875 0.3944296875 0.6164126609375 0.3942734375 0.6122743265625 0.36365625 0.6130011718749999 0.36284375 0.647526378125 0.41695312500000004 0.6463071515625 0.41646875000000005 0.6168933171875
1 0.259515625 0.08542790156249999 0.2552421875 0.0717233296875 0.2623329890625 0.6204048765625 0.269625 0.6145720984375 0.2666875 0.50912075 0.280625 0.5031652984375 0.27584375 0.15573270781249998 0.26067968750000003 0.13793669375 0.259515625 0.08542790156249999
1 0.255015625 0.0680422046875 0.2354453125 0.0692966 0.2358984375 0.18539273125 0.2043359375 0.18876905 0.21081249999999999 0.6218640093750001 0.262296875 0.6204337625 0.255015625 0.0680422046875
1 0 0.5333177015625 0.0163046875 0.5303399765625 0.0193125 0.5313247359375 0.02278125 0.53907385625 0.0281015625 0.55776084375 0.033390625 0.5854747953125 0.033578125 0.5952520515625 0.105671875 0.5931066828125 0.1027421875 0.4044431421875 0.096265625 0.40363423281250005 0.08709375 0.4020164125 0.0827734375 0.40039859375000003 0.0801875 0.39635404531249996 0.0896328125 0.31610785468749997 0.0916015625 0.3129308328125 0.094953125 0.3122274328125 0.101859375 0.31228605 0.101546875 0.2979953109375 0.1053671875 0.297655334375 0.105484375 0.31182883906250003 0.12063281249999999 0.314665884375 0.135359375 0.394150059375 0.1348984375 0.39883939062499996 0.131078125 0.4020164125 0.1239453125 0.40386869843750006 0.11504687499999999 0.4035169984375 0.10748437500000001 0.403352871875 0.1093359375 0.590902696875 0.1473515625 0.5949003515625 0.14896875 0.655990621875 0.21081249999999999 0.6218640093750001 0.2043359375 0.18876905 0 0.025087925 0 0.5333177015625
1 0.0273515625 0 0.2358984375 0.18539273125 0.2354453125 0.0692966 0.16940625 0 0.0273515625 0
1 0.5931640625 0.484759671875 0.593359375 0.15404454843749998 0.5786015625 0.1704103171875 0.5781015625 0.48910902656250005 0.5930703125 0.4847245015625 0.5931640625 0.484759671875
1 0.4621015625 0.1705392734375 0.45437500000000003 0.156424384375 0.45565257968750006 0.48877553437500004 0.4645234375 0.48690504062500006 0.4621015625 0.1705392734375
1 0.3969609375 0.5041735046875 0.4302578125 0.5048534578125 0.43307031250000005 0.49691676406249996 0.44308593749999997 0.49691676406249996 0.443984375 0.48881594375 0.4554609375 0.48881594375 0.454 0.13767878125 0.5933828125 0.1366588515625 0.5931640625 0.484759671875 0.6191484375 0.484759671875 0.622296875 0.4921922625 0.6473828125 0.49641266093749997 0.6505390625 0.50232121875 0.6518828125 0.13767878125 0.791609375 0.1334583828125 0.7911640625 0.08094958906250001 0.259515625 0.08542790156249999 0.26067968750000003 0.13793669375 0.39685156250000003 0.13733880468749998 0.3969609375 0.5041735046875
1 0.847296875 0 0.7911640625 0.08094958906250001 0.7863203125 0.6067878078125 0.885 0.6808206328125 0.885 0.6816998828124999 0.8997480875000001 0.6250630312500001 0.885578125 0.6808206328125 1 0.7412426734374999 1 0 0.847296875 0
1 0.937615775 0.47605688749999997 0.9378203125000001 0.4752520515625 0.9407265625000001 0.2531418515625 0.8089609375 0.322825321875 0.8106953125 0.46915592031250003 0.937615775 0.47605688749999997