1 0.33404151875 0 0.43178445156249995 0.057207684375 0.43178445156249995 0.000582975 0.413796378125 0 0.33404151875 0
1 0.5104218203124999 0 0.43178445156249995 0.000582975 0.43178445156249995 0.057207684375 0.472285778125 0.081791984375 0.4684363953125 0.0921861546875 0.4668948765625 0.33299105625 0.4333988515625 0.33818814218750004 0.430702296875 0.44040079531250004 0.5142535328125 0.4380920828125 0.516179328125 0.4340510109375 0.58009275625 0.4317389859375 0.579321996875 0.3924710171875 0.5789377203125 0.2971878109375 0.5504461125 0.287369990625 0.5396643109375 0.28448492812500004 0.538895759375 0 0.5104218203124999 0
1 0.3267469078125 0.3153792640625 0.334445671875 0.38756210625 0.3665326859375 0.385637628125 0.3735909890625 0.438572375 0.430702296875 0.44040079531250004 0.4333988515625 0.33818814218750004 0.3905962890625 0.3293342171875 0.3267469078125 0.3153792640625
1 0.7697504421875 0 0.7686395765625 0.267515734375 0.5789377203125 0.2971878109375 0.579321996875 0.3924710171875 0.58009275625 0.4317389859375 0.595214221875 0.43154355781250003 0.5981846296875 0.3906061609375 0.6009695234375 0.3903279234375 0.6108105125 0.3911626359375 0.626035778125 0.3928353765625 0.64479019375 0.3925571375 0.662243815625 0.389214971875 0.67728356875 0.3853163296875 0.6746841875 0.42820139062499996 0.7368882515624999 0.42597548906249993 0.7320605125 0.4237462734375 0.7274182859375 0.41956939374999996 0.721660778125 0.41344153749999996 0.717020759375 0.40508777812499996 0.714977915625 0.39812520625 0.715348940625 0.3958993046875 0.717948321875 0.39450480312499997 0.725931978125 0.3936700890625 0.7433856 0.3925571375 0.7600971734375 0.3933918515625 0.770865725 0.325717125 0.77253754375 0.3240476984375 0.7905499109375 0.3301755546875 0.8243418734375 0.3440973828125 0.8237853359375 0.3463265984375 0.8235998234374999 0.34716131093749997 0.8234143109375 0.348277575 0.8232287984375001 0.3493905265625 0.8232287984375001 0.350503478125 0.8234143109375 0.3527326921875 0.8235998234374999 0.35440212031249996 0.8224867484375 0.361642928125 0.82991386875 0.361364690625 0.8434673140625 0.36052997656249997 0.8609209359375001 0.36052997656249997 0.874105565625 0.361086453125 0.8722482328125001 0.37501159375 0.8698343640624999 0.38670751875 0.8651921375 0.3995197078125 0.8586925796875 0.4120503484375 0.8497813609374999 0.42263332187499997 0.9333370140625 0.42792315312499996 0.9312941703125001 0.4368367015625 0.9251656359375 0.45215303125000006 0.92702296875 0.708920171875 1 0.7246240484375 1 0 0.7697504421875 0
1 0.538895759375 0 0.5396643109375 0.28448492812500004 0.7393153703124999 0.250231865625 0.7378975265625 0 0.538895759375 0
1 0 0.41987413125 0.0094390453125 0.42009274531249996 0.0079461125 0.4137098375 0.0068308296875 0.41090427343749997 0.00571775625 0.404219940625 0.00553886875 0.4022822125 0.0058966437500000005 0.39810202031249997 0.0072106890625 0.39559787968750004 0.0090591875 0.391421 0.0127804765625 0.3878105328125 0.0366232328125 0.3893805890625 0.040143551562500004 0.3974693609375 0.041457596875 0.40472010625 0.0407000890625 0.4147466046875 0.03791519375 0.4214309375 0.1109761484375 0.42654190156249994 0.1107972609375 0.42319973437499997 0.12305212031249999 0.424872475 0.23528489375 0.427946340625 0.2343484984375 0.4199602515625 0.22851148437500002 0.3688638625 0.226327296875 0.3396886390625 0.22679549531249998 0.33818482968749997 0.22679549531249998 0.33647896718750003 0.22606007031250003 0.33136800312500003 0.233480565625 0.33246770468750003 0.244620140625 0.331066578125 0.26429549531249996 0.3268896984375 0.29809628906249996 0.320771778125 0.31592093593750004 0.315491884375 0 0.254859225 0 0.41987413125
0 0.4611285328125 0.6538887046874999 0.460441696875 0.6528585625 0.45803224374999996 0.6554422 0.457336571875 0.753352103125 0.4561704953125 0.757204371875 0.454180653125 0.75757535625 0.4501987625 0.75671083125 0.45061616562499995 0.753352103125 0.4479593640625 0.750483603125 0.44842756250000004 0.6586353093749999 0.43827296875000005 0.6634282875 0.4452606 0.7623087109375 0.46094964687499995 0.7675786687499999 0.4611285328125 0.6538887046874999
1 0.7378975265625 0 0.7393153703124999 0.250231865625 0.7686395765625 0.267515734375 0.7696974375 0 0.7378975265625 0
1 0 0 0 0.238559125 0.32691033593749996 0.303633653125 0.4668948765625 0.33299105625 0.4684363953125 0.0921861546875 0.472285778125 0.081791984375 0.43178445156249995 0.057207684375 0.33404151875 0 0 0
0 0.579891784375 0.8037992718750001 0.5834010593750001 0.8028718125 0.5844324203125 0.8013216296874999 0.5858767671875 0.7966777078125 0.5897990281250001 0.7613845640625 0.58897305625 0.6753196421875 0.58154151875 0.67470023125 0.576587896875 0.77500828125 0.53840326875 0.7945114281250001 0.579891784375 0.8037992718750001
0 0.549651059375 0.7617721093750001 0.5552429328125 0.7555548187500001 0.556256625 0.7495197078125 0.5568242046874999 0.7420106 0.5614001765625 0.670082809375 0.5395538875 0.6658264328125 0.5393992937500001 0.7458794296875 0.537336571875 0.7517621734375 0.5319699640625 0.752073534375 0.53134938125 0.750215303125 0.5313317140625 0.6637628359375001 0.4740525625 0.65215303125 0.47353798593749996 0.7721695921875 0.507422703125 0.7826697578124999 0.549651059375 0.7617721093750001
0 1 0.7246240484375 0.92702296875 0.708920171875 0.9001457593750001 0.739788009375 0.8593948765625001 0.73127525625 0.8008281796875 0.718853925 0.812131184375 0.87444186875 0.803431978125 0.87242133125 0.785708921875 0.716343159375 0.7474249109375 0.7079728390625 0.7596576859375 0.9433752890625 0.75221510625 0.9418416687500001 0.7337014140625 0.7049022859375 0.67625 0.6935972171875 0.67941254375 0.7418781046875 0.6740636046875 0.73957601875 0.6709938156249999 0.7222755875 0.671506184375 0.8267207687499999 0.66787765 0.8300695593749999 0.658758834375 0.829509771875 0.6586197 0.8220470359375 0.6576899296875001 0.6894137125 0.6301501765624999 0.6837595234375 0.6301965546875 0.7776018546875 0.6237301234375 0.776068234375 0.6238228796875 0.6945743625 0.61014796875 0.8585359390624999 0.6056802125 0.86 0.6037279156250001 0.8826763828124999 0.5900971734375 0.8796753890625 0.5898189046875 0.8406757203125 0.51441254375 0.815488571875 0.4817093640625 0.829791321875 0.47342756250000007 0.8336965875000001 0.4723586578125 0.889373965625 0.46026280937499997 0.8882577015625 0.4625905484375 0.8373269296875 0.43458480625 0.8541404437500001 0.42416519375000006 0.8519079171874999 0.41309628906249996 0.673931765625 0.3782508828125 0.6873898640625 0.37783348125 0.7926035109375 0.37094743750000003 0.79155680625 0.3702031796875 0.7885558125000001 0.3686682859375 0.78443855625 0.36950530000000004 0.69157668125 0.36797040625 0.69157668125 0.3659695234375 0.848489565625 0.35582817968749997 0.844789665625 0.356667403125 0.748787678125 0.3428047703125 0.973517721875 0.3350353359375 0.9688439875 0.34550132499999997 0.6998078828125001 0.315870140625 0.6957601859375 0.3094500890625 0.6963895328125 0.3014487625 0.757158 0.2962853359375 0.761483934375 0.29465768593749997 0.7586949328125 0.29898409843749996 0.6942961249999999 0.2849337453125 0.6905995359375 0.277491165625 0.6871811859375 0.2640945234375 0.6924809546875 0.2542314484375 0.7980457109375 0.24013692656250002 0.9111427624999999 0.23181095468750001 0.9120503484375 0.2299955828125 0.9102351765625001 0.2478136046875 0.661921165625 0.00009938124999999999 0.716204040625 0 0.7183073859375 0 1 1 1 1 0.7246240484375