1 0.149616178125 0.61114409375 0.15152565625 0.61073386875 0.15386573125 0.610150484375 0.154919521875 0.610150484375 0.15683037500000002 0.6108513703125 0.1586628140625 0.6118449796875 0.1600275140625 0.612077921875 0.1618214328125 0.6119027 0.164433896875 0.6127788078124999 0.1656816625 0.613246753125 0.16891869531249998 0.6135394765625 0.171414225 0.6135394765625 0.170712615625 0.61114409375 0.1706342 0.60909709375 0.171726509375 0.6072273765625 0.1743004546875 0.602729334375 0.176640528125 0.601500721875 0.1769129171875 0.31984951562499997 0.17250653437500002 0.3139476390625 0.169932590625 0.3153494125 0.16806025625 0.3173943515625 0.1653693765625 0.31844568125 0.1611968640625 0.31984951562499997 0.155153390625 0.320199959375 0.148250103125 0.31949907187500004 0.1451946625 0.318451865625 0.14432934375 0.605198928125 0.14676846875 0.6059431046875 0.14832851875 0.6074623781249999 0.14930389375 0.6098000406249999 0.149616178125 0.61114409375
1 0.128212959375 0.583061225 0.1300082546875 0.5842486078125 0.1317554 0.586007009375 0.13298390468750002 0.5894599046875 0.13849085156250002 0.6055390640625 0.1416370890625 0.604860853125 0.14432934375 0.605198928125 0.1451946625 0.318451865625 0.1357820890625 0.314236240625 0.12297289843749999 0.3050752421875 0.11608336718750001 0.2973696140625 0.11171687968749999 0.2912615953125 0.11210620468750002 0.2996949078125 0.1094854859375 0.3058029265625 0.1063805203125 0.309727890625 0.10708350468750001 0.5880911156249999 0.112396478125 0.5869161 0.12332920624999999 0.5844197078125 0.128212959375 0.583061225
1 0 0.1912018140625 0.029730362500000003 0.20938157031250001 0.0317760359375 0.20204081562499998 0.034753060937500004 0.19572253125 0.039713853125 0.19051948125 0.0493864359375 0.1855947234375 0.04008529375 0.18020614375 0.037604896875 0.1838301375 0.031218875 0.18670995625 0.027188059375 0.18754689687499998 0.0199958734375 0.18754689687499998 0.0116247078125 0.1856874875 0.0061672859375 0.18299319687499999 0 0.179981446875 0 0.1912018140625
1 0.4729715234375 0.7242259328125 0.4729715234375 0.7466357453125 0.5005035078125 0.74540919375 0.5022891734375 0.1585941046875 0.47483285156250005 0.15703360156249999 0.47460861249999997 0.2374232109375 0.4747585640625 0.7226633687499999 0.4729715234375 0.7242259328125
1 1 0.318812615625 0.9769239234375 0.3141908890625 0.9774824593749999 0.54572253125 1 0.5473634296875 1 0.5401113171875 0.99371990625 0.5401113171875 0.993579584375 0.397188209375 1 0.39609358906250003 1 0.318812615625
1 0.7858852656249999 0.3350463828125 0.7943995046875 0.3326592453125 0.7946925296875 0.309969078125 0.7930017890625 0.310065965625 0.784455909375 0.320193775 0.7847159171875 0.3338775515625 0.7855605999999999 0.3342671609375 0.7858852656249999 0.3350463828125
1 0.777468703125 0.34222428437499997 0.7788760484374999 0.3389383625 0.780389325 0.335825603125 0.7819617546875001 0.334487734375 0.7831930109374999 0.33364460937499996 0.7831930109374999 0.3308678625 0.7830870828125 0.3226963515625 0.776178290625 0.331115234375 0.771005640625 0.33684395 0.7678621546875 0.336248196875 0.767919934375 0.332801484375 0.7720731875 0.323205525 0.7763433765625 0.3156297671875 0.7802723890625 0.3100020609375 0.7638258359375001 0.31042465468749997 0.7602833953125 0.314030096875 0.7582844953125 0.31785405 0.753762553125 0.3196145125 0.7512491406249999 0.315848278125 0.751074425 0.31357864375 0.7477273359375001 0.31106369843750004 0.7369954609375 0.311572871875 0.7302902734375001 0.31308596093749996 0.719383684375 0.3176066796875 0.7121736140625 0.321125540625 0.7096602015625 0.31785405 0.71066996875 0.315848278125 0.7135218046875 0.3138404453125 0.719053515625 0.31106369843750004 0.5567230703125 0.311426509375 0.5577025718749999 0.3428777578125 0.68867106875 0.3417728296875 0.777468703125 0.34222428437499997
1 0.19012656562500002 0.27851577031249997 0.1938629796875 0.2808039578125 0.4261191359375 0.279245515625 0.42524143593749997 0.275885384375 0.42335672031250005 0.25183055 0.42410372812499997 0.24920222656250002 0.4206589625 0.23931560468750002 0.18898885625 0.2403875484375 0.18895584062499998 0.27686044062500004 0.18976888125 0.277542775 0.19012656562500002 0.27851577031249997
1 0.175775209375 0.246029684375 0.179364425 0.2529787671875 0.1817842890625 0.258126159375 0.18389049375 0.2670026796875 0.1858371171875 0.27699443437500004 0.18752097968749998 0.2762791171875 0.187170175 0.23995052499999997 0.1797771359375 0.23995052499999997 0.1790507640625 0.24182230468750002 0.1774549453125 0.24427746875 0.175775209375 0.246029684375
1 0.181639840625 0.3242815921875 0.1769129171875 0.31984951562499997 0.176640528125 0.601500721875 0.181639840625 0.6009111515625001 0.181639840625 0.3242815921875
0 0.6700715359375 0.772096475 0.6668565140625 0.7734467125 0.6653143484374999 0.7713275609375 0.6640280640625 0.7682436609375001 0.6564424265625 0.7684374359375 0.52503508125 0.7670871984375001 0.525677534375 0.809090909375 0.7023442015625 0.810439084375 0.6923153109375 0.7680519484375 0.6743142109375 0.7676664609375 0.6700715359375 0.772096475
0 1 0.7090620484375 0.8436786359375 0.64258915625 0.8431971390624999 0.6587198515625 0.8291814562500001 0.6600515359375 0.815553721875 0.6535868890625001 0.81449855625 0.644293959375 0.804629246875 0.6454030093750001 0.8115724312499999 0.668651825 0.8076104000000001 0.6682642750000001 0.799445590625 0.6429622765625 0.7958715093750001 0.6424056890625 0.7931132203125 0.6409358890625 0.79220663125 0.637994228125 0.7905213921875001 0.6454854671875 0.7865951296875 0.6454854671875 0.787651671875 0.6370521546875 0.7356789109374999 0.635691609375 0.7388636671875 0.6596351265625 0.735456046875 0.6593588953125 0.7317168796875 0.63594104375 0.7304567343749999 0.634609359375 0.7302902734375001 0.6386064734375 0.726809740625 0.638078746875 0.726809740625 0.6358029265625 0.6747626906249999 0.6356359515625 0.6927417796875 0.660162853125 0.689797771875 0.661162646875 0.6705227671875 0.635221603125 0.644286696875 0.63591424375 0.6428986109375 0.639354771875 0.6441381203125001 0.6421562562500001 0.6452125468750001 0.6423788906250001 0.65076764375 0.6460688515624999 0.6660420968749999 0.6640465890625 0.6848906312499999 0.662826221875 0.703554821875 0.6664893843749999 0.7068867796875 0.6678210671875 0.712664740625 0.677474746875 0.879171825 0.6795011343749999 1 0.7352607703125 1 0.7090620484375
1 1 0.2436528546875 0.853640115625 0.3164378484375 0.8525285453125001 0.320626675 0.8594717296875001 0.3213213765625 0.8579350671875 0.327091321875 0.8673407624999999 0.3203772421875 0.8765992578124999 0.314607296875 0.892799559375 0.3092805609375 0.9165552343750001 0.3063100390625 0.9305530328125 0.3056173984375 0.93371853125 0.306922284375 0.9325340484375 0.30866831562499997 0.9301637093749999 0.31099979375000003 0.9184619625 0.31521748125000004 0.9008543124999999 0.3200453515625 0.8855606 0.3254545453125 0.8747475578125 0.33239125937499997 0.8626193421874999 0.34160173125000004 0.8551575187499999 0.3447928265625 0.8548988859375 0.35039785625 0.8826165906250001 0.34121418281250004 0.9044834234374999 0.3400206140625 0.9044834234374999 0.32922696406249996 0.93540376875 0.316825396875 0.9442165359375 0.31405071093750003 0.9769239234375 0.3141908890625 1 0.318812615625 1 0.2436528546875
1 1 0.5473634296875 0.9774824593749999 0.54572253125 0.940824046875 0.5463883734375 0.9034227546875 0.541498659375 0.9030705734375 0.5398680687499999 0.8826262203124999 0.5389589781249999 0.8538629796875 0.536800659375 0.85479158125 0.3975757578125 0.8548988859375 0.35039785625 0.8551575187499999 0.3447928265625 0.8405530328124999 0.338223046875 0.8427293984374999 0.5305689546875 0.841225753125 0.562306740625 0.8475278578125 0.5293217890624999 0.848968221875 0.530185528125 0.8431132203124999 0.5583755921875 0.8407772734375 0.5940919390625 0.8476557984375 0.5994124921874999 0.8513674515625 0.606221396875 0.8513674515625 0.6113997109375 0.8503122843750001 0.6113997109375 0.8519108546874999 0.617775715625 0.8516549734375 0.61858998125 0.8495116250000001 0.61858998125 0.8476557984375 0.6161925375 0.8468565140625 0.6145640078125 0.8452882109375001 0.631055453125 0.8628862296875001 0.6389651625 0.8631737515625 0.5675324671875 0.9012463890625 0.5659967015625 1 0.584706246875 1 0.5473634296875
0 1 0.803621934375 0.7297179796875 0.8011935687499999 0.7093699265625 0.7675943109375 0.706797359375 0.7681117296875 0.7016907421874999 0.77432488125 0.7004237171875001 0.7810575140625 0.706797359375 0.8170129875000001 0.5241216125 0.8175881265625 0.523238409375 0.7673654921875 0.5214720046875 0.763681715625 0.5165579859375 0.7433745625 0.5159059015625 0.8422696343749999 0.5001251890625 0.8435930734375001 0.5005035078125 0.74540919375 0.4729715234375 0.7466357453125 0.4729715234375 0.7242259328125 0.47444077656249994 0.7140919390625 0.47451781562499995 0.690101009375 0.47014032187500004 0.691826428125 0.46864355468749996 0.691826428125 0.467299490625 0.6922304671874999 0.465072225 0.6930344265625 0.463114596875 0.6930344265625 0.46230843281249995 0.6927478875 0.46230843281249995 0.6882024328125 0.460580546875 0.6887198515625 0.45820057812500004 0.6879138328125001 0.4576626765625 0.6875695734375 0.4576626765625 0.686072975 0.45551244999999996 0.6861884140625001 0.45509010937500005 0.68555555625 0.4547062875 0.687109875 0.3733498421875 0.686705834375 0.3687054609375 0.7018944546875 0.38494565937499997 0.8062564421875 0.38352455625 0.8076355390625001 0.3816054484375 0.8083838390625001 0.3782652359375 0.8082106781249999 0.3635218046875 0.72622964375 0.35941395 0.7275530812500001 0.35234970468750004 0.7362399500000001 0.34539964218749997 0.7431436812500001 0.33729949062500003 0.7501051328125 0.34751135 0.8892145953125 0.345285459375 0.8930694703125001 0.34259733125 0.8930694703125001 0.3403315453125 0.8930694703125001 0.3382212140625 0.8887548953125 0.3288141421875 0.7730035046875 0.3151079921875 0.763681715625 0.3119590046875 0.7746712015624999 0.33691566875 0.921259534375 0.33069610625 0.92522985 0.326933553125 0.92522985 0.30535562031249996 0.817703565625 0.3035892140625 0.8153452890624999 0.2960255875 0.817703565625 0.2837405421875 0.8374376421875 0.2610881828125 0.86384456875 0.24776585468749998 0.8746011125 0.2496079234375 0.9202824156249999 0.2541009765625 0.9990991546875 0.2853858859375 1 1 1 1 0.803621934375
0 0.2176131515625 1 0.23910991875 0.9995093796875001 0.2353941390625 0.9116285296875001 0.22584124375 0.9009915484375 0.2248452328125 0.916499690625 0.223982665625 0.9184869093750001 0.2219259875 0.9199793859375 0.2215284078125 0.9209729953125001 0.21675196093750002 0.923259121875 0.214098225 0.9220655531249999 0.2166185171875 0.8920428781249999 0.2067340765625 0.8936343015625001 0.18994909843750002 0.8920428781249999 0.1734956671875 0.8906514124999999 0.14821846249999998 0.8994001234375 0.1348699953125 1 0.2176131515625 1
0 0.0723180625 1 0.0906988578125 0.9991115234375 0.11159719374999999 0.8828983718750001 0.10827899375000001 0.8785240156249999 0.10695281406249998 0.8681838796875001 0.10695281406249998 0.8545640078125001 0.10662126875 0.8190744171875 0.1058247359375 0.8046588328125001 0.06986655625 0.8749453718750001 0.07013206718750001 1 0.0723180625 1