1 0.8376608187500001 0.3109429828125 0.8380317984375001 0.31079769687500003 0.8129258046875 0.3159183109375 0.8123190796875001 0.362639803125 0.8269005843749999 0.38275219374999997 0.8281304828125 0.33078124999999997 0.8375219296875 0.34102521874999997 0.8376608187500001 0.3109429828125
0 0.2213011703125 0.6527494515625001 0.22046418124999997 0.6738294953125 0.24296800156249998 0.667534478125 0.22625365468749997 0.6516502187500001 0.2213011703125 0.6527494515625001
1 0.5979495609375001 0.5366392546875 0.5979495609375001 0.5951562499999999 0.6051571640625 0.5961869515625 0.6050420328125 0.603651315625 0.60704495625 0.59884594375 0.60704495625 0.5984155703125 0.6067013890624999 0.5984155703125 0.6059576015625 0.5981606359375 0.6062445171874999 0.596872259375 0.606873171875 0.595328946875 0.6066447375 0.5939555921874999 0.6057291671875 0.59146655625 0.6034978062499999 0.588549890625 0.6043000734375 0.5880345390625 0.606357821875 0.590523575 0.6079605265625 0.5940405703125 0.6077887421875 0.5349232453125 0.6076736109375 0.5346655703125001 0.6071016078125 0.533977521875 0.606873171875 0.53337719375 0.606873171875 0.5332922156250001 0.60704495625 0.531748903125 0.6069883046875 0.53131853125 0.606588084375 0.5307182015625 0.6061293859375 0.5302905703125 0.605328946875 0.5302028515625 0.6029258046875 0.5301178734375 0.6014967109375 0.5302028515625 0.6016100140625 0.5314912281249999 0.6013249265625 0.531661184375 0.6003527046875 0.5319188593749999 0.5992653515625 0.5322615125 0.598921784375 0.5327768640625 0.598578215625 0.534235196875 0.5992086984375 0.5351809203125 0.59915021875 0.5360389249999999 0.5986933484375 0.5362966015625 0.5979495609375001 0.5366392546875
1 0.5245065796875 0.5882894734375 0.5284082609375 0.5892160093750001 0.5519773390625 0.5962966015625 0.5948099421874999 0.6033607453125 0.593587353125 0.5357127187499999 0.593587353125 0.53295504375 0.5915350875 0.5298793859375001 0.5244481000000001 0.5248245609375 0.5226681281250001 0.5710855265625 0.5241027046875 0.583379934375 0.5245065796875 0.5882894734375
1 0.8269005843749999 0.38275219374999997 0.8268896203124999 0.40908717031249997 0.8308022656249999 0.4096217109375 0.829142909375 0.5941255484375 0.837322734375 0.595540021875 0.8375219296875 0.34102521874999997 0.8281304828125 0.33078124999999997 0.8269005843749999 0.38275219374999997
0 0.243070175 0.6676315796875001 0.22046418124999997 0.6738294953125 0.21892361093749999 0.68938870625 0.255144371875 0.678448465625 0.243070175 0.6676315796875001
0 0.186260965625 0.6982867328125 0.2063888890625 0.6930345390625 0.2123190796875 0.6909923250000001 0.21241593593750002 0.6756770828125 0.1764400578125 0.6848684203125 0.1689528515625 0.674073465625 0.16603435625000001 0.6750959437499999 0.1684667390625 0.6863267546875 0.17002192968750002 0.701348684375 0.170411184375 0.7026617328125 0.186260965625 0.6982867328125
0 0.44040935625 0.6089555921875001 0.43961622812499995 0.6166282890625 0.44391447343749996 0.614928728125 0.4534502921875 0.6181524125 0.4538322375 0.6134594296875 0.44040935625 0.6089555921875001
1 1 0.2654303734375 0.9288078859375 0.288850440625 0.9284173984375 0.2819572375 0.8371747078125 0.3038020828125 0.8376608187500001 0.3109429828125 0.837322734375 0.595540021875 0.84885599375 0.5993832234375 0.854267178125 0.6004468203125 0.8549597953125 0.40687225937499993 1 0.389758771875 1 0.2654303734375
1 0.9288085593750001 0.288862340625 0.928812134375 0.2889254390625 0.92891081875 0.2889254390625 0.9069682015625 0.294262609375 0.896679459375 0.304405153125 0.8906341375 0.314007675 0.8851736109375 0.327176534375 0.8835672515624999 0.34123903437499997 0.8847532890625001 0.350726425 0.8893000734375001 0.362143640625 0.896606359375 0.37037280625 0.9063011703124999 0.37667489062500004 0.9185581140625001 0.3791940796875 0.9308150578125 0.3775630484375 0.939340278125 0.37478344375 0.9477412281250001 0.3700383765625 0.9555665203125001 0.3632428734375 0.9618183484375 0.3556441890625 0.9660197374999999 0.347489034375 0.9693384500000001 0.3386567984375 0.9714638156250001 0.329487390625 0.9717105265624999 0.3213706140625 0.9702869156249999 0.3134758765625 0.9678070171875 0.30546875 0.9637298984375 0.29864857499999997 0.953269371875 0.2890104171875 0.9452046781250001 0.285995065625 0.9288085593750001 0.288862340625
1 1 0.11366776249999999 0.7476809203125 0.20688870625 0.43306834843750003 0.3318969296875 0.433384503125 0.3683717109375 0.43514619843749996 0.3691529609375 0.4353088453125 0.3786321265625 0.43336257343750006 0.37936129375 0.4334649125 0.40435581093749995 0.44600328906250003 0.4071957234375 0.44235745625 0.41618969375 0.4418713453125 0.48474232500000003 0.4419536453125 0.4847905625 0.442033990625 0.5460032890625001 0.4493256578125 0.5394380484375 0.4557273390625 0.53652138125 0.45977887500000003 0.53652138125 0.4654513890625 0.5354276312499999 0.46990862499999997 0.5348190796875001 0.47825475156249997 0.5342132671875001 0.48392726562500005 0.5355482453125 0.48895102343749997 0.5372505484375 0.4913011703125 0.5383442984375 0.4930829671875 0.5396820171875001 0.49478435625 0.543448465625 0.49494700312499995 0.5474616234374999 0.494055190625 0.549405153125 0.4913011703125 0.5552384875 0.4913815796875 0.5716474781249999 0.490489765625 0.5861129390625 0.49178728125 0.586477521875 0.49316337656250003 0.587571271875 0.4934886703125 0.5915816890625 0.492759503125 0.5944983546875 0.492516446875 0.595471490625 0.49065241249999997 0.5972944078125 0.4900840640625 0.599117325 0.490489765625 0.6058031796875001 0.49373172500000007 0.6228179828125 0.5063724421875 0.6269517546875 0.5066154968750001 0.602157346875 0.5065332609375 0.6019133765625 0.5061293859375 0.6017927624999999 0.505723684375 0.6011842109375001 0.505643275 0.600696271875 0.5055610374999999 0.6000904609375 0.5058863296875 0.5999671046875 0.507019371875 0.599846490625 0.506776315625 0.5926754390625 0.505643275 0.5926754390625 0.505643275 0.5777247812499999 0.506858553125 0.5778481359375001 0.5071820171875 0.5289857453125 0.506776315625 0.5287417765625 0.5066154968750001 0.5286211625 0.5061293859375 0.5282565796875 0.5058863296875 0.5280126093749999 0.5062902046875 0.5275274125 0.5065332609375 0.52728344375 0.506776315625 0.526918859375 0.506858553125 0.5264336625 0.5064528515625 0.525581140625 0.505723684375 0.5249753296875 0.5051571640625 0.5249753296875 0.5042653515625 0.524731359375 0.5041849421875 0.5246107453125 0.5042653515625 0.52400219375 0.5043457609375 0.5236376093749999 0.5043457609375 0.52302905625 0.5038596484375 0.52302905625 0.5038596484375 0.5205975875 0.5047514625 0.5205975875 0.5047514625 0.5199917765625 0.5050749265625 0.51974780625 0.5149616234375001 0.5195038375000001 0.5149616234375001 0.5188980265625001 0.5145559203125 0.5180455046875 0.5147185671875001 0.4852302625 0.5159338453125 0.4837691890625 0.516500365625 0.48340460468749996 0.5170687140625 0.4826754390625 0.518527046875 0.48158168906250004 0.5191739765625 0.48134046093749994 0.5205519 0.4807319078125 0.5212810671875 0.4807319078125 0.5228216375 0.4807319078125 0.522658990625 0.47392543906249995 0.5231451015624999 0.47392543906249995 0.5233881578124999 0.4711293859375 0.5224963453125 0.4705208328125 0.52395650625 0.469671053125 0.5254148390625 0.4684566890625 0.5254148390625 0.46711896875000003 0.524685671875 0.46675438593749996 0.524036915625 0.46626918906250003 0.5234685671875 0.4648081140625 0.5230646937500001 0.46359374999999997 0.5231451015624999 0.463108553125 0.5231451015624999 0.46225603125000003 0.5232255109375 0.4612856359375 0.5234685671875 0.4601918859375 0.5236312140625 0.4593393640625 0.524036915625 0.4576370609375 0.52476608125 0.45703125 0.5254952484375 0.45678728125 0.5264674703125001 0.456422696875 0.52590095 0.31810307031249996 0.60150219375 0.2903919953125 0.6039327484375 0.291606359375 0.6049853796875 0.4826754390625 0.603283990625 0.4826754390625 0.5694956140625 0.48389254375 0.5690899125 0.4892406796875 0.5667397656250001 0.5030975875 0.5631743421875 0.5120915562499999 0.5601754390625 0.5139144734375 0.56050073125 0.521450109375 0.58205409375 0.52193530625 0.5822167390625 0.5199917765625 0.5822971484374999 0.5187746703125 0.5823793859374999 0.51743969375 0.5825402046875 0.5156167765624999 0.5827028515625 0.514520284375 0.5827028515625 0.5125767546875 0.5823793859374999 0.5095394734375 0.58205409375 0.509174890625 0.5819736843750001 0.5085663375 0.5819736843750001 0.507957784375 0.5811622812499999 0.5051617328125 0.5810014625 0.5043119515625001 0.5814071640625 0.5032182015625 0.5814875734375 0.5029742328125 0.5818110375 0.5021244515625 0.58205409375 0.5015158984375 0.5821363296875 0.501151315625 0.5823793859374999 0.5003015343749999 0.5824597953125 0.4993283984375 0.5822167390625 0.49799067968750005 0.5821363296875 0.49762609687500003 0.58205409375 0.4971408984375 0.581893275 0.4962883765625 0.5818110375 0.4955592109375 0.5818110375 0.49507401250000005 0.5819736843750001 0.49434484687499997 0.5823793859374999 0.49337171093750004 0.583108553125 0.4930071265625 0.5836750734375 0.4922779609375 0.5844846484375 0.4928865125 0.5856195171875 0.49422423281250005 0.586105628125 0.4953179828125 0.586187865625 0.4971408984375 0.585944809375 0.498114034375 0.5855391078125 0.49847861875 0.5853764625 0.499813596875 0.5857017546875001 0.5009073468749999 0.586268275 0.5015158984375 0.5868347953125 0.502489034375 0.5870778515625 0.5043119515625001 0.5869170328125 0.5063788375 0.5865113296875 0.508807565625 0.5865917390625001 0.5123327843750001 0.5868347953125 0.5158580046875 0.5870778515625 0.52193530625 0.5875639625 0.522543859375 0.5879696640625001 0.5226644734375 0.5887792390625 0.5226644734375 0.5908059203125 0.5226644734375 0.5914546781250001 0.52302905625 0.5950201015625 0.5232730265625001 0.5976937140625 0.5233936406249999 0.5974506578125001 0.5097807015625 0.597125365625 0.5086869515625 0.596882309375 0.5072286187499999 0.5951809203125 0.5052850875 0.5941282890624999 0.50394736875 0.59258771875 0.5023656796875 0.5912116234375 0.5004221484375 0.5908059203125 0.4999369515625 0.59048245625 0.49944901249999996 0.589427996875 0.49884320156250006 0.5887792390625 0.49859923281249996 0.5886184203125 0.49859923281249996 0.587483553125 0.49847861875 0.5865917390625001 0.49847861875 0.5865113296875 0.49799067968750005 0.58740314375 0.4966529609375 0.5878070171875 0.4961677625 0.5879696640625001 0.495682565625 0.588293128125 0.49483004375000006 0.588455775 0.4941008765625 0.5887792390625 0.49361567968750003 0.5891045328125 0.4930071265625 0.5900767546875 0.4927658984375 0.5912920328125 0.4927658984375 0.5931560671875 0.49361567968750003 0.5950201015625 0.493495065625 0.598017178125 0.493495065625 0.598908990625 0.493495065625 0.6006103796875 0.4930071265625 0.602554825 0.4919133765625 0.60458150625 0.49021107500000005 0.6117927625 0.48340460468749996 0.612359284375 0.4826754390625 0.613008040625 0.48255482499999997 0.613251096875 0.48255482499999997 0.6134941515625 0.4829194078125 0.6134941515625 0.48304002187500006 0.6134941515625 0.4840131578125 0.6137372078125 0.48474232500000003 0.614060671875 0.485471490625 0.6139802624999999 0.48620065781250005 0.6134941515625 0.486929825 0.6131706875 0.48717379375 0.612198465625 0.487782346875 0.609928728125 0.489846490625 0.6083899859375 0.49045504375000004 0.6074177625 0.491063596875 0.6044992687499999 0.4938596484375 0.6051480265625 0.49458881562499996 0.6050676171875 0.4961677625 0.6049853796875 0.4964117328125 0.6040953953125 0.497870065625 0.6036092843749999 0.49835526249999995 0.603283990625 0.498963815625 0.6027174703125 0.499813596875 0.60215095 0.5009073468749999 0.6018256578125001 0.5016365125 0.60141995625 0.5026096484375 0.6011769 0.5032182015625 0.6005299703125 0.50394736875 0.5993951015625 0.5051617328125 0.5989894 0.5085663375 0.5994755109375001 0.5231524125 0.6027174703125 0.5235169953125001 0.6027978796875 0.52509594375 0.6134137421875 0.5248519734375 0.6134941515625 0.525581140625 0.614385965625 0.525825109375 0.6143055562499999 0.5285005484374999 0.614060671875 0.5289857453125 0.6139802624999999 0.5297149125 0.6139802624999999 0.5302001093750001 0.6135745609375001 0.530323465625 0.612359284375 0.5305646937499999 0.6117123531249999 0.53105263125 0.6113870609375 0.5328755484375 0.6115497078125001 0.53324013125 0.6117927625 0.533848684375 0.6115497078125001 0.534698465625 0.6106578953125 0.534942434375 0.6104148390625 0.5969298249999999 0.61114400625 0.5970504390625 0.6113870609375 0.5977796046875 0.6113066515625001 0.59826754375 0.6104970765625 0.598752740625 0.6102540203125 0.6130948468749999 0.6117123531249999 0.612001096875 0.6138998531250001 0.6090844296875 0.6163304093749999 0.6041008765625 0.618274853125 0.5974150218750001 0.6196527781250001 0.5885416671875 0.6210307015625001 0.5790625 0.620705409375 0.5778481359375001 0.621597221875 0.5698245609375 0.6334283625 0.5649643640625001 0.6466356 0.5603453953125 0.6572514625 0.5574259875 0.6587097953125001 0.55766995625 0.66049159375 0.558155153125 0.6644627187500001 0.5583991234375 0.6690807750000001 0.5583991234375 0.6741045328124999 0.5574259875 0.6771034359375 0.557184759375 0.6835855265624999 0.557184759375 0.6889345765625 0.5580345390625 0.6925 0.559616228125 0.6963084796875 0.5621683109375 0.6997112578125 0.5647203953125 0.7046546046875 0.56678728125 0.7010069437500001 0.6083552625 0.699225146875 0.6337582234375 0.6981706875 0.64822094375 0.7090296046875 0.6496792765625 0.7286385234375 0.6551507671875 0.7492196640625 0.6587966015625 0.76761513125 0.6606195171875 0.7753125 0.6587966015625 0.7824433484375 0.6326644734375 0.79135599375 0.6050740125 0.794515715625 0.6013048249999999 0.7993786546874999 0.598023575 0.8068329671875001 0.5951069078125 0.8082913015625 0.3106880484375 1 0.2654303734375 1 0.11366776249999999
1 0 0.24429276249999998 0.0024707609375 0.24243969375000002 0.013439328125 0.23736567968750003 0.0196235375 0.2364884875 0.02324013125 0.23614035156250002 0.0333918125 0.23614035156250002 0.047626096875 0.241565240625 0.0569608921875 0.247867325 0.06774305625 0.25728344375 0.0768439328125 0.27009594375 0.10232821562500001 0.27765625 0.10345942968749999 0.33662280624999996 0.1197368421875 0.3390542765625 0.1196217109375 0.34204769687500003 0.1794791671875 0.354405153125 0.184883040625 0.35524396875 0.1849049703125 0.357658990625 0.18188413750000001 0.359514803125 0.178114034375 0.3622642546875 0.1751279234375 0.36614857500000003 0.174018640625 0.3682483546875 0.1728636703125 0.368179825 0.17267726562500002 0.3771929828125 0.17068165156249998 0.3768256578125 0.169947003125 0.4458552625 0.19056469375 0.44716831093750004 0.188382675 0.30368146875 0.2630829671875 0.323739034375 0.2638888890625 0.45256030625 0.2718238296875 0.452313596875 0.27215095 0.45074013125 0.27165935625 0.4490405703125 0.27142726562499997 0.44660910156250005 0.2719864765625 0.44515625 0.2723958328125 0.44356359687499997 0.27215095 0.441864034375 0.27215095 0.44029057031249996 0.27142726562499997 0.43822368437500003 0.27142726562499997 0.43687774062500007 0.271100146875 0.434690240625 0.2713450296875 0.433237390625 0.2720687140625 0.43311403437499996 0.272231359375 0.4327467109375 0.27264071562500003 0.43006853125 0.272721125 0.42935032968750003 0.27264071562500003 0.428125 0.27264071562500003 0.426551534375 0.27165935625 0.42303179843749994 0.270365496875 0.4206003296875 0.2698866953125 0.41961896875000004 0.26955957656249996 0.4171875 0.2696418125 0.41622258749999996 0.271321271875 0.4142982453125 0.271893275 0.41223410156250007 0.272534721875 0.4100466015625 0.273106725 0.40822642499999995 0.27415752968749996 0.4071408984375 0.27521929843750004 0.406036184375 0.2744846484375 0.4055482453125 0.2740752921875 0.40507401249999997 0.27399305625000003 0.40470668906249996 0.27429641875 0.39970120625 0.27446089218749997 0.3971628296875 0.27493969375 0.39581688593750003 0.2757565796875 0.3938733546875 0.276081871875 0.393382675 0.27664290937499997 0.3932593203125 0.2781012421875 0.39303179843749997 0.27859100937500003 0.3939967109375 0.27964181250000003 0.3960608546875 0.2807730265625 0.398862390625 0.28110014687499996 0.40055921093749997 0.281017909375 0.40419956093750004 0.281017909375 0.40481359687499996 0.28052814375 0.40626370625 0.27939692968749996 0.40785635937500003 0.27923245625000004 0.40797971562499996 0.27923245625000004 0.40834703906250003 0.279804459375 0.4093092109375 0.280294225 0.40967927656249997 0.2807730265625 0.4100466015625 0.28191703281249997 0.41198739062499995 0.28198647656250003 0.41247807031250006 0.2831304828125 0.41478892500000003 0.283527046875 0.4158744515625 0.28368969375 0.41673245625 0.28368969375 0.4180619515625 0.282721125 0.42292763125 0.2824762421875 0.42376644687500004 0.282313596875 0.42717927656250004 0.282231359375 0.4305756578125 0.283748171875 0.43118969375000005 0.2837828953125 0.4328508765625 0.28368969375 0.43334155625 0.283876096875 0.4341282890625 0.28416849375000003 0.4355455046875 0.283876096875 0.4362280703125 0.2836202484375 0.43680646875000007 0.2835508046875 0.4374533984375 0.283748171875 0.4377357453125 0.2838066515625 0.44308936406250005 0.28478618437500003 0.4444380484375 0.2849506578125 0.44638157968750003 0.2849506578125 0.44795504375000006 0.2849506578125 0.44832236875 0.2845413015625 0.4537856359375 0.289080775 0.45390625 0.289804459375 0.44977521875 0.29013157968750003 0.4485690796875 0.29013157968750003 0.44722039531249996 0.29070358125 0.44576754375 0.292640715625 0.4225082234375 0.29364400625 0.421334978125 0.2918238296875 0.42040570156249996 0.29110014687499997 0.417658990625 0.29106542343749997 0.41643366249999997 0.29090095 0.41461348750000004 0.2909831875 0.41309210468749996 0.29212719374999996 0.40943256562499997 0.2928618421875 0.40761239062500004 0.2935380109375 0.4062828953125 0.29421600937500003 0.40537280625000005 0.29462353750000003 0.40477796093749996 0.29529970781250003 0.40456688593749995 0.2959649125 0.40427083281250004 0.2959649125 0.4036567984375 0.296036184375 0.40234375 0.2965716375 0.4014336625 0.296712353125 0.40132949531250006 0.297249634375 0.4012253296875 0.2977978796875 0.4012253296875 0.2986019734375 0.4014336625 0.29954678437500004 0.4016255484375 0.2998154234375 0.40234375 0.30002558437500004 0.402938596875 0.299956140625 0.40507401249999997 0.2998866953125 0.406247259375 0.3000731 0.40701754375 0.3005519 0.40789199531250003 0.30073830468749996 0.40806743437500004 0.30097039531249997 0.4070696265625 0.301087353125 0.4063706140625 0.301251828125 0.405723684375 0.30180007343750004 0.4058442984375 0.30265168125 0.406247259375 0.3029312859375 0.4066666671875 0.3034338453125 0.4070696265625 0.3034795328125 0.40871436406250006 0.30328216406249997 0.40913651250000005 0.302966009375 0.4098355265625 0.3025822375 0.41011513125 0.30303728125 0.41186677656250004 0.3030829671875 0.414229715625 0.303141446875 0.41524396875 0.3019042390625 0.41685307031249996 0.30196271874999997 0.41734375 0.302465278125 0.4182017546875 0.30269736875 0.41886787343750004 0.3027448828125 0.41946271875 0.3021838453125 0.42014528437500004 0.30128655000000004 0.4208086625 0.3008899859375 0.421491228125 0.3011220765625 0.43908168906249995 0.3012043125 0.44308936406250005 0.30180007343750004 0.44681743437500004 0.3024177625 0.44944353125000003 0.30295504375000004 0.45075657968750005 0.303421053125 0.45492324531249995 0.3088231 0.455323465625 0.31003655 0.44741228125 0.3082986109375 0.44515625 0.30664108125 0.4421107453125 0.30538194375 0.4377878296875 0.312768640625 0.43833059218750003 0.31326937187500004 0.43626370625 0.31284904999999996 0.43509046093750003 0.31265168125 0.4340241234375 0.3124872078125 0.43279879374999997 0.3124524859375 0.43167763125 0.312534721875 0.4311019734375 0.312883771875 0.43045230312499994 0.3131999265625 0.4301041671875 0.3140168125 0.4295257671875 0.3148793859375 0.429229715625 0.31577850937499996 0.4290542765625 0.3163614765625 0.4290542765625 0.316875 0.4292817984375 0.3172606 0.4298053734375 0.3178088453125 0.43062774062500003 0.3180062140625 0.43104989062500004 0.31830957656250003 0.43204495625000006 0.318426534375 0.43314967031249996 0.31850877187500004 0.433848684375 0.31824013125 0.4347944078125 0.31789108125 0.43549342031249993 0.3177266078125 0.43584429843750006 0.318123171875 0.4369654609375 0.31824013125 0.43771655625 0.31824013125 0.43836348750000004 0.3181578953125 0.43866228124999995 0.323596490625 0.43918859687499995 0.32296600937500003 0.40626370625 0.32217287968749997 0.40533717031250005 0.321893275 0.3994380484375 0.32044590624999997 0.3962006578125 0.3193713453125 0.3930866234375 0.3182986109375 0.3905482453125 0.3158241953125 0.3878508765625 0.3272258765625 0.38351151250000004 0.360374634375 0.3900932015625 0.3602814328125 0.363067434375 0.3606542390625 0.3476836625 0.36568347968750003 0.34859375 0.3709703953125 0.34532072343750003 0.37493786562500003 0.34519736875 0.3775383765625 0.346038925 0.381260965625 0.34859375 0.387096125 0.3554029609375 0.41711805625 0.363226425 0.41676900625 0.399860196875 0.4287993421875 0.4013815796875 0.4286823828125 0.4031332234375 0.4334649125 0.40435581093749995 0.433278509375 0.3795038375 0.4315752921875 0.378908990625 0.43121345 0.37829495625 0.43108552656250004 0.3690378296875 0.4314236109375 0.36882675468750004 0.4326023390625 0.36842379375 0.4329879390625 0.3684594296875 0.433384503125 0.3683717109375 0.43306834843750003 0.3318969296875 0 0.1793475875 0 0.24429276249999998
1 0.5977759500000001 0.654117325 0.606642909375 0.6493996703125 0.6062627921875 0.6438294953125 0.6064144734375 0.6421244515625 0.6068695171875 0.6413267546875 0.6067562140625 0.6376343203125 0.6066812859375 0.6367242328125 0.6071728796875 0.62188870625 0.6059612578125 0.624276315625 0.60539108125 0.6251836625 0.6040661546874999 0.62563870625 0.6036494890624999 0.624276315625 0.6048994890625 0.623706140625 0.606187865625 0.62131853125 0.606831140625 0.6189309203125 0.6067178359375001 0.6189309203125 0.6057711984374999 0.6183634875 0.60569444375 0.617510965625 0.6063779234375 0.6162033984375 0.6067945906250001 0.61569353125 0.6062627921875 0.6144407890625 0.604937865625 0.6110307015625 0.6050511703125 0.6148382671875 0.5978892546875 0.6132483546875 0.5978892546875 0.626321271875 0.5976991953125 0.6407593203124999 0.5977759500000001 0.654117325
1 0.693481359375 0.6650932015625 0.6922898390625 0.65404879375 0.6698629390625 0.6595339906250001 0.66953581875 0.6621518640625 0.669698465625 0.6628070171875 0.66959064375 0.66370888125 0.6686622812499999 0.6643612937500001 0.6683351609375 0.6655893640625 0.6681706875 0.66616228125 0.66849780625 0.6666529609375 0.6688267546875 0.6674725875 0.6693165203125 0.6687006578125 0.6694261703125 0.669520284375 0.6694809937499999 0.6697642546875 0.6692891078125001 0.6751178734375001 0.6937554828125 0.6826233546875 0.6940277781249999 0.6768256578125 0.693936403125 0.67116228125 0.693481359375 0.6650932015625
0 0.2121290203125 0.6563075656249999 0.211509503125 0.6585553734375 0.2106304828125 0.6602658984375 0.2095559203125 0.6620230265625 0.2090679828125 0.66363486875 0.20818896250000002 0.6653453953125 0.206169590625 0.6693996703125 0.20590826093749998 0.669887609375 0.20555007343749998 0.6707182015625001 0.20164290937499998 0.6728179828124999 0.1932730265625 0.6732593203125 0.19258954687500002 0.6714007671875 0.1910599421875 0.6677878296875 0.190310671875 0.6660279609375 0.1887463453125 0.66441611875 0.18754203281249998 0.6626096484375 0.187346490625 0.6621217109375 0.1828856 0.6628042765625 0.1812993421875 0.6647094296875 0.17173245625 0.6671573468750001 0.171399853125 0.6729166671875 0.1689528515625 0.674073465625 0.16891630156249998 0.6740405703125 0.1764400578125 0.6848684203125 0.21241593593750002 0.6756770828125 0.2121290203125 0.6563075656249999
1 0.5110051171875 0.524901315625 0.5104148390625001 0.5251041671875 0.509777046875 0.52572094375 0.5096418125 0.5267434203125 0.50991228125 0.5274259875 0.5104586984374999 0.5274259875 0.51018823125 0.528448465625 0.5095065796875 0.528922696875 0.5090296046875 0.580323465625 0.509632675 0.5777028515625 0.5114857453125 0.5755756578125 0.512249634375 0.57631030625 0.51121345 0.5777028515625 0.510774853125 0.5783552624999999 0.50990314375 0.5799095390625 0.5098501468750001 0.580323465625 0.51072185625 0.5816282890625 0.5106670328125 0.582203946875 0.5103929093749999 0.582530153125 0.5095760234375 0.583596490625 0.5098501468750001 0.58678728125 0.5110489765625 0.5889144734375 0.51257858125 0.5911266453125 0.5135599421875 0.591206140625 0.5135599421875 0.5911266453125 0.51514254375 0.5910471484375 0.51514254375 0.592354715625 0.5204349421875001 0.59292763125 0.5210416671875 0.5278179828125 0.520347221875 0.52743969375 0.520062134375 0.5265871703125 0.520535453125 0.5260663375 0.520882675 0.525498903125 0.520314328125 0.5244572375 0.5120413015625 0.5238870609374999 0.5118238296875 0.524901315625 0.5114163015625001 0.524901315625 0.5110051171875 0.524901315625
1 0.5136184203124999 0.59459978125 0.513357090625 0.594303728125 0.5128983921875 0.594303728125 0.511785453125 0.5950904609375 0.51139254375 0.595778509375 0.5104093562500001 0.597645284375 0.50988486875 0.599216009375 0.5099506578125 0.5997066890625 0.5103435671875001 0.600002740625 0.5109338453125 0.6004934203125 0.51086805625 0.601082784375 0.5096235375 0.6018695171874999 0.50982090625 0.6030455046875 0.5099506578125 0.60461896875 0.5115222953125 0.608448465625 0.511849415625 0.60933388125 0.5110635968749999 0.60933388125 0.5103435671875001 0.6085471484375 0.5099506578125 0.6072697375 0.5089692984374999 0.6053070171875 0.5087719296875 0.6274067984375 0.52042763125 0.6239692984375 0.5203892546875 0.599632675 0.520062134375 0.599632675 0.5197898390625 0.599632675 0.5193530703125 0.598977521875 0.51946271875 0.5978316890625 0.5195175437499999 0.5974232453125 0.520498903125 0.5971792765624999 0.5203892546875 0.59488486875 0.5154239765625 0.5944764250000001 0.5144700296875 0.595679825 0.5138797515625 0.595679825 0.5136184203124999 0.59459978125
1 0.5928545328125 0.6314336625 0.5928545328125 0.6304440796875 0.593609284375 0.627754934375 0.594080775 0.627047696875 0.594080775 0.6262006578125 0.593419225 0.6254934203125 0.5931377921875 0.62436129375 0.59323099375 0.6235142546875 0.5946454671875 0.621532346875 0.5937024859375 0.618421053125 0.5922880109374999 0.61488486875 0.589837353125 0.6124808109375001 0.5893658625 0.6124808109375001 0.587668128125 0.6126206140625 0.5872916671875 0.6123382671875001 0.5869133765625001 0.61163103125 0.5869133765625001 0.611491228125 0.5542872812499999 0.601165021875 0.5542872812499999 0.602014803125 0.5537225875 0.6021546046874999 0.551929825 0.600882675 0.5449524859375 0.5977713812500001 0.5229824562500001 0.59522478125 0.522794225 0.5966392546875 0.5230756578125 0.597489034375 0.523642178125 0.5976288375000001 0.5230756578125 0.5991858546875 0.5226041671874999 0.5997505484375 0.522794225 0.6015899124999999 0.5229824562500001 0.6028618421874999 0.523830409375 0.6063980265625 0.5235471484375 0.6069654609375 0.5229824562500001 0.6069654609375 0.522510965625 0.60484375 0.5229824562500001 0.63129111875 0.5948336984375 0.65349780625 0.595305190625 0.6286047156250001 0.595305190625 0.6281798249999999 0.5928545328125 0.6314336625
1 0.5878691515625001 0.609235196875 0.5879148390625 0.6090296046875 0.588187134375 0.6084155703125 0.5884612578125 0.6083470390625 0.5889144734375 0.6083470390625 0.5893695171875 0.609235196875 0.590007309375 0.60998629375 0.5905975875 0.6099177625000001 0.592598684375 0.60889254375 0.5941904234375001 0.6060279609375 0.5867781437499999 0.6047998906250001 0.57199926875 0.6022094296875 0.5546728796875 0.599344846875 0.5786842109375 0.6067105265625 0.587777778125 0.6094380484374999 0.5878691515625001 0.609235196875
1 0.5952028515625 0.6205071265625001 0.5952028515625 0.614586075 0.5952028515625 0.6061540562500001 0.59457236875 0.60766995625 0.5930847953125 0.609956140625 0.5915844296875 0.6111019734375 0.5900584796875 0.6111019734375 0.593402778125 0.6143503296875 0.5943183484375 0.617332784375 0.5952028515625 0.6205071265625001
1 0.61243055625 0.6409676531249999 0.6127686406249999 0.641307565625 0.613108553125 0.6419846484375 0.6137883765625001 0.6435115125 0.6137883765625001 0.643851425 0.6125420328125 0.657938596875 0.65508771875 0.670838815625 0.6552010234375001 0.6594682015625 0.6133351609375 0.6401178734374999 0.61243055625 0.6409676531249999
0 0.40903326093750003 0.6347231359375 0.4204605265625 0.63220120625 0.4266758046875 0.6347231359375 0.42919773437500003 0.6357291671875 0.43138157968749996 0.6364857453125 0.44230263125 0.6412746703125001 0.5374049703125 0.6770641453125 0.61738486875 0.7070559203125 0.654685671875 0.7219270828125001 0.6568713453125 0.721674890625 0.6597277046875 0.7143667765624999 0.6614071640625 0.7108388156250001 0.6607346484375001 0.6763075656249999 0.660232090625 0.6725274125 0.658382675 0.6720230265625 0.6585508046874999 0.6790816890625 0.6551900578125001 0.678577303125 0.65508771875 0.670838815625 0.6125420328125 0.657938596875 0.6113358921875001 0.6879029609375 0.6068000734375001 0.68714638125 0.6068000734375001 0.66194353125 0.6068000734375001 0.655893640625 0.6039437140625 0.6551370609375 0.5973903515625001 0.658665021875 0.5977266078125 0.66269736875 0.5985654234375 0.66269736875 0.5985654234375 0.663706140625 0.5983972953125 0.6649671046875001 0.59823099375 0.6652192984374999 0.5995741953125 0.6689994515625 0.5948702484374999 0.6692516453125 0.5928527046875 0.6672341015625001 0.5940296046875 0.665471490625 0.594533990625 0.663706140625 0.5947021203125 0.662445175 0.59537280625 0.6611869515625 0.5948336984375 0.65349780625 0.5229824562500001 0.63129111875 0.523123171875 0.6324533984375 0.5241319437499999 0.63396655625 0.5239638156249999 0.6349753296875 0.5232913015625 0.6354769734375 0.5202668125 0.6357291671875 0.518921784375 0.6347231359375 0.5187536546875 0.633209978125 0.5194261703125 0.630438596875 0.5157291671875 0.6291776312499999 0.5086732453125 0.631192434375 0.508841375 0.6337143640625 0.5095120609375 0.635227521875 0.5093457609375001 0.6362335531250001 0.510016446875 0.637242325 0.5105208328125 0.6377467109375 0.50984831875 0.63925986875 0.5083369890625 0.6397642546875 0.5056487578125 0.6397642546875 0.5046399859374999 0.639007675 0.505480628125 0.6374945171874999 0.5058168859375 0.6364857453125 0.505480628125 0.6349753296875 0.5056487578125 0.63396655625 0.50615314375 0.6334621703125001 0.5063724421875 0.6269517546875 0.49373172500000007 0.6228179828125 0.494055190625 0.625145284375 0.49052631562500004 0.6259018640625 0.48951754375 0.62211896875 0.4885106 0.6213651312499999 0.48766995625 0.64001370625 0.48498172500000003 0.6395120609375 0.48488669531250006 0.6222861843749999 0.45591374218749997 0.6236321265625 0.452552996875 0.6211129390625 0.45070358125 0.62211896875 0.43978252968750003 0.6178344296875 0.43827119843749995 0.635981359375 0.4360855265625 0.6354769734375 0.435581140625 0.6097697375 0.42012426875 0.6138020828124999 0.4197880109375 0.61657620625 0.369044225 0.6286732453125 0.36577668124999996 0.6270778515625001 0.333338815625 0.6347779609375 0.35980263125 0.6498437499999999 0.381142178125 0.6427878296875 0.39508771875000004 0.63925986875 0.40903326093750003 0.6347231359375
1 0.4845577484375 0.607757675 0.48478435624999994 0.6057483546875 0.48516081875 0.60433388125 0.48553728124999995 0.6032017546875 0.48478435624999994 0.601929825 0.45800438593750004 0.6006551531250001 0.45707236875 0.6143092109375 0.48488669531250006 0.6222861843749999 0.4845577484375 0.607757675
1 0.4401900578125 0.6024095390624999 0.44068165156249994 0.6035553734375 0.440626828125 0.6068283984375 0.44040935625 0.6089555921875001 0.4538322375 0.6134594296875 0.45508771875000004 0.6002796046875 0.43997258749999996 0.599051534375 0.43948099375 0.600852521875 0.4398081140625 0.6019983546875001 0.4401900578125 0.6024095390624999
1 0.1812993421875 0.6647094296875 0.18112207656249998 0.49111842031249997 0.3152540203125 0.49248355312500003 0.31256944375 0.6227028515625 0.3150201015625 0.6171025218749999 0.316653875 0.6092242328124999 0.318053728125 0.60415021875 0.3191045328125 0.6027494515625 0.3203874265625 0.6016995609375 0.3221381578125 0.6011732453125 0.323070175 0.6011732453125 0.3240040203125 0.6001233546875 0.3243548984375 0.5999479171875 0.325054825 0.6001233546875 0.3259886703125 0.60099780625 0.326105628125 0.6018749999999999 0.3269225140625 0.6032730265625 0.3276224421875 0.60415021875 0.328554459375 0.6060745609375 0.3296052625 0.608876096875 0.3296052625 0.6109758765625 0.3296052625 0.61220120625 0.329722221875 0.6153508765625 0.32983918125 0.61657620625 0.3304221484375 0.619202303125 0.333572734375 0.625153509375 0.333572734375 0.6272532890625 0.333338815625 0.6321546046875001 0.333338815625 0.6347779609375 0.36577668124999996 0.6270778515625001 0.36577668124999996 0.6123766453124999 0.36332785156249997 0.6109758765625 0.33368969375 0.618325109375 0.3349725875 0.4581770828125 0.3088231 0.455323465625 0.303421053125 0.45492324531249995 0.289080775 0.45390625 0.2845413015625 0.4537856359375 0.2718238296875 0.452313596875 0.2639114375 0.45255960625 0.19056469375 0.44716831093750004 0.169947003125 0.4458552625 0.1689309203125 0.6531578953125 0.17068165156249998 0.6531578953125 0.171399853125 0.6729166671875 0.17173245625 0.6671573468750001 0.1812993421875 0.6647094296875
0 1 0.6341831140624999 0.9533077484374999 0.626918859375 0.9408808484375 0.6263706140624999 0.912554825 0.6214364031249999 0.906158625 0.620614034375 0.9037828953125 0.6214364031249999 0.9018640343750001 0.623766446875 0.9025950296874999 0.6363760968750001 0.9016812859375 0.6415844296875 0.894919590625 0.6665296046875 0.8885233921875001 0.6955866234375 0.8892543859375 0.6999725875 0.8971125734375001 0.7134046046875 0.9014985375 0.723821271875 0.9049707609375 0.74602521875 0.9047880109375 0.753426534375 0.9036915203125 0.7591831140624999 0.9016812859375 0.764117325 0.8839546781250001 0.8003015343750001 0.8845029234374999 0.8044133765625 0.8858735375 0.806195175 0.8924524859374999 0.8092105265624999 0.906341375 0.81332236875 0.9255299703125001 0.8212719296875 0.9343019 0.8237390343750001 0.9372258765625 0.8253837718750001 0.9415204671874999 0.8299067984375 0.9464546781250001 0.84772478125 0.948830409375 0.8707510968750001 0.951937134375 0.8839089906250001 0.953033625 0.8943256578125001 0.9565058484375 0.91324013125 0.9579678359375 0.9296875 0.9603435671874999 0.9406524125000001 0.96162280625 0.9540844296875 0.9692982453125 0.99766995625 0.97103435625 1 0.9734100874999999 1 1 1 1 0.6341831140624999