0 0.0843548828125 0.76958844375 0.08835460625 0.7625628765625 0.092982796875 0.7525358546875001 0.094798834375 0.748411971875 0.09721281875 0.740259821875 0.0938693125 0.74156100625 0.092358490625 0.7480419875 0.0893576578125 0.7579692375 0.0843548828125 0.76958844375
0 0.1094963921875 0.7815111203125 0.109683684375 0.78450841875 0.10993340781250001 0.786570359375 0.1102469484375 0.7878819375 0.12287874531250001 0.7819787984375 0.11918840156249999 0.7772937015625 0.11499861250000001 0.77335896875 0.10880826875 0.771112034375 0.10374306250000001 0.7720473906249999 0.102305771875 0.7730783625 0.10086709218750001 0.776919559375 0.104119034375 0.776264809375 0.10774556093750001 0.7768260234375 0.10905799062499999 0.778324671875 0.1094963921875 0.7815111203125
0 0.0939886234375 0.779168571875 0.0958643171875 0.7784182078125 0.097302996875 0.777763459375 0.0986154265625 0.774483475 0.098490565625 0.7721409265625 0.093612653125 0.7756079812500001 0.089798834375 0.779168571875 0.0899861265625 0.781417584375 0.0919242515625 0.7805736859375 0.0939886234375 0.779168571875
1 0.031824362499999995 0.8234691328125001 0.0338221421875 0.8222323843750001 0.036906215625 0.820540428125 0.0399014984375 0.8196300140625 0.04159545 0.815857409375 0.041204217187499996 0.8105217203124999 0.039642064062499996 0.7964040734375 0.040380132812500004 0.795427146875 0.042637346874999996 0.795167325 0.0445047171875 0.8073331953125 0.0475013875 0.7995926 0.0543188125 0.7818291421875 0.046111265624999995 0.7811785484375 0.03755688125 0.7813094984375 0.031868756250000005 0.7821554765625 0.025658990625 0.7834566625 0.023139567187499998 0.7846934109375 0.0226623203125 0.82951985 0.029740565625 0.8253564750000001 0.031824362499999995 0.8234691328125001
1 0.0473446171875 0.7784327578125 0.055474473437500005 0.7786676359375 0.05698529375 0.77562253125 0.053129856249999996 0.7771835375 0.057193396875000004 0.7739825406249999 0.050471698437500004 0.7681272078125 0.0406756375 0.7608667640625 0.0303052171875 0.7550904171874999 0.023009156250000003 0.7519663265625 0.02238485 0.7815568484375001 0.0294187015625 0.7806194140625 0.0473446171875 0.7784327578125
1 0.050437014062499994 0.758572021875 0.0593632078125 0.766614009375 0.0567702546875 0.7582560796875 0.0602677578125 0.75766784375 0.062469478125 0.7706817703125 0.06494311875 0.76525878125 0.06506381875 0.7380606937499999 0.0651234734375 0.7105903140625001 0.0651234734375 0.6825316984375001 0.0220296890625 0.691388484375 0.0225124859375 0.7472313453125 0.0353593234375 0.750394928125 0.050437014062499994 0.758572021875
1 0 0.8936416546875 0.0052927296875 0.888513821875 0.0175971140625 0.8595531078124999 0.0175374578125 0.8501101640625001 0.0112347390625 0.8558033671875 0.0044797453125 0.8619476203125 0.0014636515625 0.8657430890625 0.0004384015625 0.8678216593749999 0 0.8684764078124999 0 0.8936416546875
1 0 0.864525046875 0.0055882359375 0.8548181250000001 0.0142744171875 0.8442444390625001 0.014526914062499998 0.8410455203125 0.0146725859375 0.83969029375 0.014997225 0.8382810234375 0.0155036078125 0.83665558125 0.01608351875 0.8358407812499999 0.0174583796875 0.8347578468749999 0.017386237500000002 0.7861234671874999 0.0120657609375 0.7881292875 0.006890954687500001 0.790569528125 0.002694228125 0.7930638125 0 0.795865725 0 0.864525046875
1 0 0.790700478125 0.001789678125 0.7893764296875 0.007759434375000001 0.7861775093750001 0.017422307812500003 0.7828164625 0.017602664062500002 0.7500145500000001 0.0096781359375 0.7481708578124999 0.0046115421875 0.747141965625 0.0022960593750000003 0.7486593218750001 0 0.7503304921875 0 0.790700478125
1 0 0 0 0.7484784875 0.0004467265625 0.7482477656250001 0.0012291890624999999 0.7476678437500001 0.005480021874999999 0.7458345453125 0.0098654265625 0.745576803125 0.0171587125 0.7468863015625 0.0183657046875 0.052016212500000006 0.014772474999999998 0.050922884375 0.014286903125 0.0445146546875 0.0189692015625 0.04707753125 0.0183379578125 0.0362855953125 0.018158990625 0.0307545203125 0.01392619375 0.028189565625000003 0.012574917187500001 0.0240074828125 0.0124847390625 0.014564539062500001 0.0146462265625 0.014564539062500001 0.0094395109375 0 0 0
1 0.0739359046875 0.55395551875 0.07411625937500001 0.55196840625 0.074175915625 0.5506111 0.0742064375 0.5489399296874999 0.0743576578125 0.5476304296875 0.0746587125 0.5475389734375 0.0753218640625 0.5489399296874999 0.0753218640625 0.5507919343750001 0.0749611546875 0.5529619625 0.0749001109375 0.5550841828124999 0.075262209375 0.555988359375 0.07658851250000001 0.5565765953125 0.077071309375 0.555402203125 0.0774514421875 0.5524859703125 0.07719200937500001 0.548582415625 0.07623612656249999 0.5445479109375 0.07719200937500001 0.536744959375 0.0786251390625 0.5347266687500001 0.0800152609375 0.5331677406249999 0.08101276406249999 0.533361046875 0.08153440625 0.5351818749999999 0.0807505546875 0.539149865625 0.08040371874999999 0.5414258984375 0.08040371874999999 0.54442111875 0.0807505546875 0.548000415625 0.08209905625 0.5506672203125 0.0824875140625 0.5496279359375 0.08361820156250001 0.545460403125 0.08383601562500001 0.542338390625 0.083489178125 0.5414944921875 0.0824875140625 0.5404510499999999 0.08170643749999999 0.5368093953125 0.0831395671875 0.5375909375 0.084399278125 0.5389544796875 0.0851803546875 0.5399979218750001 0.0864414546875 0.5401247140625001 0.0872641515625 0.5399314078125 0.0879606 0.5394117640625 0.08874167656250001 0.5373913953125 0.0896101546875 0.5368093953125 0.09021920156249999 0.5375909375 0.09039123125000001 0.538630221875 0.091000278125 0.5390854296875001 0.0916065484375 0.539605071875 0.0911306875 0.54064435625 0.090825471875 0.5415568484375 0.0920407875 0.54305341875 0.0919991671875 0.545329453125 0.0916065484375 0.5478008734375 0.09516786875 0.5448098109374999 0.09755688125 0.545329453125 0.095647890625 0.49244024062499997 0.087837125 0.49212429843749994 0.0876567703125 0.494337975 0.086932575 0.49447516093750005 0.0852441734375 0.495242153125 0.0836154265625 0.4953377671875 0.082469478125 0.49461026874999997 0.0812028296875 0.49461026874999997 0.0802982796875 0.4939763046875 0.07903163125 0.49370609062500004 0.0789109328125 0.4917688625 0.07812708125 0.49153814218749997 0.070708934375 0.490904178125 0.0704370140625 0.5552650171875 0.0739359046875 0.5550405328125 0.0739359046875 0.55395551875
1 0.0758934515625 0.3782415296875 0.07949500625 0.374306796875 0.079569921875 0.36981085 0.08219617031250001 0.37127208437500003 0.0969783578125 0.395443775 0.097579078125 0.3309104140625 0.0710904546875 0.32551444531249996 0.0706395671875 0.39207025624999997 0.073491953125 0.3828517984375 0.0758934515625 0.3782415296875
1 0.0365233078125 0.65456661875 0.037604051562500004 0.6538079406249999 0.0358657046875 0.6494512578125 0.03517203125 0.6494512578125 0.033608490625 0.6489253796875001 0.03369589375 0.647952609375 0.034002496874999996 0.6473061734375001 0.0348723640625 0.6470421953125001 0.033002220312500004 0.644963625 0.03005133125 0.6419642484375 0.031395671874999996 0.6416379125 0.032264151562499996 0.6421617125 0.0340468921875 0.6424901265625 0.0374292453125 0.6426210765625 0.0404689234375 0.6426210765625 0.0428579359375 0.6432009984375 0.046028025 0.6418998124999999 0.0489789125 0.64085845 0.06264289687499999 0.624117646875 0.0601220859375 0.607927665625 0.060029134375 0.59726668125 0.064805771875 0.5949802531249999 0.0648432296875 0.49064019999999997 0.0615982234375 0.48996674218749997 0.06177996718749999 0.4832197046875 0.0626803546875 0.48132820625 0.0650194234375 0.4799792140625 0.064887625 0.47361671093749996 0.062354328125000004 0.473560590625 0.062354328125000004 0.4685761796875 0.06123612656250001 0.467705259375 0.0600416203125 0.4672188734375 0.0601165375 0.46646019531249994 0.060548001562499995 0.46597173124999997 0.060221975000000004 0.464670546875 0.0596781359375 0.46385574687500003 0.05961015468750001 0.46249636250000004 0.0595352390625 0.46163375625 0.059460321875 0.4599480359375 0.058809656249999995 0.45881521562499994 0.057290510937500004 0.457137809375 0.0566023859375 0.4575680734375 0.0564955609375 0.45897318593750003 0.055589621874999995 0.45941384375 0.055769978124999994 0.4618499265625 0.055407879687499995 0.4634234046875 0.054832131250000006 0.464510496875 0.054432575000000004 0.46548534531249997 0.053600167187500006 0.466347953125 0.0525124859375 0.46689045937499996 0.0509558828125 0.4664040734375 0.05081159843750001 0.464510496875 0.0446961703125 0.46293701875000004 0.0445893453125 0.45008314218749995 0.04403995625 0.44633548125000005 0.044339621875 0.437884015625 0.0447017203125 0.43232799843749997 0.045033296875 0.42574308906249997 0.0470657609375 0.424816046875 0.047484739062499996 0.42434628906249994 0.047484739062499996 0.4229328625 0.0486293 0.4214508421875 0.0502982796875 0.4214508421875 0.051961709375 0.42231344843749996 0.0525374578125 0.423400540625 0.052175360937500005 0.42458116874999996 0.0539941734375 0.4255082109375 0.054832131250000006 0.4271482015625 0.054619867187500004 0.4280108078125 0.058321309375 0.42949075 0.058165926562500005 0.4280108078125 0.06108490625 0.4279359796875 0.060717259375 0.42371856093750004 0.0612416765625 0.4191852 0.061710600000000004 0.4149677828125 0.0650443953125 0.41528788125 0.064887625 0.3225462484375 0.022278025 0.23849719375 0.021702275 0.4046913328125 0.0275402328125 0.4044003328125 0.0215774140625 0.4048867171875 0.0219214765625 0.6755435453125 0.035535515625 0.658276865625 0.036104328125 0.655822075 0.0365233078125 0.65456661875
1 0.0444783578125 0.19162128437499998 0.04858490625 0.1925919765625 0.048476692187499996 0.19032633593749998 0.05096143125 0.18951569375 0.06403718124999999 0.1956682609375 0.065117925 0.232741634375 0.0659822421875 0.233065890625 0.0660904546875 0.1870879234375 0.0236237515625 0.048993971875 0.021678690625 0.22076075624999997 0.0457755265625 0.2282082734375 0.0444783578125 0.19162128437499998
1 0.49443396718750005 0.4482563921875 0.5392205125 0.4472393671875 0.49430355156249994 0.4486530859375 0.49404272968749996 0.5025878203125 0.5201415093749999 0.498684265625 0.5200110984374999 0.4530762828125 0.542244728125 0.450278528125 0.5502774687499999 0.45157971249999995 0.54971420625 0.49959467812499997 0.5200110984374999 0.49901059999999997 0.49412874531249995 0.50271876875 0.4940233078125 0.5715693203125001 0.4960405109375 0.5708376640624999 0.49851553906249996 0.5721388484375 0.50051331875 0.575456246875 0.5009475578125 0.580336728125 0.5007727531249999 0.5855414671875 0.5002524968750001 0.588989815625 0.5273501671874999 0.5836541265624999 0.530475859375 0.58430471875 0.5306062703125 0.571097484375 0.527393175 0.570056121875 0.527523584375 0.5515797124999999 0.528522475 0.5490417796875 0.5285654828124999 0.5476096453125 0.534124584375 0.5471544374999999 0.5440246953125001 0.547414259375 0.546499721875 0.548455621875 0.5466301328125 0.5492371640625 0.5466301328125 0.5500166281250001 0.54732519375 0.5510579921875001 0.5476720312500001 0.552425690625 0.5475430078125 0.5656973609375 0.5481936734375 0.565632925 0.5481936734375 0.5858012890625 0.551841009375 0.5729848265624999 0.551841009375 0.5722677203125001 0.55245005625 0.5715526921875 0.5548376796875 0.5633548125 0.5560973921875 0.5591269999999999 0.5560973921875 0.5580856375 0.5564872359375 0.5573040953125 0.558659821875 0.550147578125 0.5705577140625 0.5526189984375 0.5720338515625001 0.5528808984375 0.5721642625000001 0.553531490625 0.5720782468750001 0.5546372890625 0.5707311328125 0.5589316156249999 0.5701234734375 0.5622490124999999 0.569515815625 0.56394096875 0.5664317421875 0.5753918109375 0.5655632625 0.5781230515625 0.56426054375 0.5819621703125 0.5683865156250001 0.593608396875 0.5954397890625 0.5997900640625 0.5954397890625 0.60356266875 0.5949625421875 0.6036271046875 0.5937028296875 0.759580128125 0.6044728078125 0.7668655171875 0.6052982796874999 0.615795053125 0.6068618203125 0.6161193093749999 0.6070352390625 0.6106547499999999 0.5976553828125 0.6083122015625 0.598263040625 0.597967159375 0.6368673703125001 0.5880773234375 0.6587971703125 0.5819621703125 0.659796059375 0.5794242359374999 0.6607519421875 0.576366659375 0.6612291890625001 0.44422781093749997 0.6492869031249999 0.4422115984375 0.633177025 0.439023071875 0.6319173140625 0.4380482234375 0.632524971875 0.3668696734375 0.63278579375 0.358542921875 0.6368673703125001 0.3573061734375 0.6368673703125001 0.355225525 0.6328288015625 0.352818540625 0.63391509375 0.267782165625 0.6035365671874999 0.2762732125 0.63335044375 0.2668073171875 0.6338276921875 0.16303471249999998 0.49474195312499997 0.26264809843750003 0.49460745624999997 0.39880554687499997 0.4944769703125 0.398815215625 0.49443396718750005 0.4482563921875
1 0.481341565625 0.5775763875 0.4940233078125 0.5715693203125001 0.49474195312499997 0.26264809843750003 0.48336847968749996 0.25705882343750003 0.4821448390625 0.258116815625 0.4820657609375 0.2612616921875 0.481341565625 0.5775763875
1 0.409056603125 0.31281438437500003 0.40869450625 0.3145749328125 0.40748890156249995 0.31656412343749996 0.40522752500000003 0.31629183125 0.3944311875 0.32388276875 0.39141509375 0.3231594265625 0.3918673703125 0.43245479062500003 0.39195932187500004 0.43242081875 0.39198806875000003 0.4668821453125 0.39153579375 0.47768031562499996 0.39253190937500004 0.4873934734375 0.3923501671875 0.5134192468750001 0.392018590625 0.5524547906249999 0.398380965625 0.5512346703125 0.40160793593750005 0.5520037421875 0.41231409531249996 0.5555269171874999 0.4672586015625 0.5667782171875 0.4672586015625 0.5739617546875 0.4736223640625 0.574323425 0.479864040625 0.5783433796875 0.481341565625 0.5775763875 0.48161348437499996 0.415194346875 0.45326668124999997 0.4172808984375 0.48173418437500004 0.41505923906250003 0.4820657609375 0.2612616921875 0.4803773578125 0.2627083765625 0.4775416203125 0.26103512812499996 0.409056603125 0.31281438437500003
1 0.0779162046875 0.7157908953125001 0.0808337953125 0.7285741015625 0.082810765625 0.740656828125 0.0883324078125 0.73947204375 0.0927303 0.7301392640625 0.098442009375 0.722745790625 0.0957838515625 0.6279983375 0.0708879015625 0.6806464359375 0.0704592125 0.7102722921875 0.074778025 0.71157555625 0.0779162046875 0.7157908953125001
0 0.8046878468750001 1 0.61187846875 0.8526959046875 0.6094395109375 0.8547245890624999 0.6069617093749999 0.8526959046875 0.6070005546874999 0.8249677828124999 0.6040191453125 0.82305341875 0.6044728078125 0.7668655171875 0.5937028296875 0.759580128125 0.5937971703125 0.7629557265625 0.5912028296875 0.7645208890624999 0.587756659375 0.7623758046875 0.5878731968750001 0.7560527953125 0.5341329078125 0.7232779046875 0.5365718640625 0.7522822703125 0.5335904546875 0.7522822703125 0.5307255828125 0.7216524625 0.529292453125 0.720259821875 0.5288276921875 0.7226959046875 0.5270088796875 0.7238578265625 0.5243756937499999 0.7220016625000001 0.5244145390625 0.717418415625 0.49363346249999995 0.6986239859375 0.48747641562500005 0.7007108703125 0.48693535 0.7052359171875 0.4904966703125 0.7450883390625 0.495452275 0.8157430890624999 0.492470865625 0.816148409375 0.48860016718750005 0.7780960296874999 0.48527053281250004 0.744103096875 0.484920921875 0.7854042812500001 0.48310210937500003 0.786100603125 0.481398446875 0.78528788125 0.48135960000000005 0.7061650390625 0.4810876796875 0.7034379546875 0.478378190625 0.7019871125 0.46633601562500004 0.7072666812499999 0.466220865625 0.854030346875 0.461728634375 0.8570463515625001 0.4579730859375 0.853564746875 0.4583601546875 0.71074620625 0.448952553125 0.7148659328125 0.4495324640625 0.7715984203125 0.44647475 0.7718894203125 0.4455840734375 0.74456661875 0.44438401718750004 0.746017459375 0.44341565000000005 0.746017459375 0.4424861265625 0.7452047390625001 0.44480854531249997 0.7214196625 0.44438401718750004 0.7171856156249999 0.42320477187499994 0.7253065890625 0.40876248593750003 0.8632529625 0.40667175312500004 0.8630201625 0.40539400625 0.8618603203124999 0.4167771921875 0.7280918734374999 0.4073682015625 0.7320951984375 0.4072530515625 0.78581168125 0.40283851249999997 0.7875514453125 0.400708934375 0.7843026390625 0.4007866265625 0.734703803125 0.3885904546875 0.73957805 0.3785627078125 0.816381209375 0.3748446171875 0.816381209375 0.3828593234375 0.7425358546874999 0.1245310765625 0.8470692156249999 0.1261570484375 0.8539139468749999 0.12507352968750002 0.87410101875 0.12050499374999998 0.8869777593749999 0.122130965625 0.8753190609375 0.11891648125000001 0.8608168781250001 0.11461986718749999 0.8531594265625 0.109236959375 0.8539139468749999 0.100083240625 0.9073581374999999 0.0655632625 0.9286863437499999 0.0462042171875 0.933327790625 0.0365246953125 0.8828601125000001 0.0210377359375 0.8898212437499999 0.012325193750000001 0.8975950953125 0 0.9249199750000001 0 1 0.8046878468750001 1
0 0.3707019984375 0.7301226359374999 0.3595518875 0.7342984828125 0.30611958906250003 0.67373726875 0.30611958906250003 0.667472459375 0.3024028859375 0.6702556640624999 0.3010099890625 0.667472459375 0.2958990015625 0.6681687796875 0.29403995625 0.6723446265625 0.2917175359375 0.669561421875 0.289858490625 0.6681687796875 0.28614178749999997 0.6744335890625 0.284747503125 0.6758262312500001 0.2805660375 0.6744335890625 0.274060765625 0.6758262312500001 0.2735973921875 0.6772167953125 0.27313262968749996 0.6967096234375 0.271738346875 0.6967096234375 0.271738346875 0.69113905625 0.25083102031250004 0.68974849375 0.2499014984375 0.6904427359375 0.2494367375 0.6904427359375 0.24897197499999998 0.6904427359375 0.2323945609375 0.702057784375 0.23224611562500003 0.7078466015625 0.23085183125 0.7078466015625 0.23085183125 0.68974849375 0.23085183125 0.689052171875 0.22667036562499998 0.689052171875 0.22667036562499998 0.6946206609375001 0.2252760828125 0.6946206609375001 0.22574084375 0.6855705671875 0.187641509375 0.6987965078125 0.179743340625 0.6981001874999999 0.176956159375 0.6946206609375001 0.1727746953125 0.69322801875 0.17045088749999998 0.6967096234375 0.1648751390625 0.70018915 0.1602289125 0.7022781124999999 0.14210876875 0.7057576390625 0.13978634843749999 0.70923924375 0.1393215875 0.7141114109375 0.13792730312499998 0.7252483890625 0.111908990625 0.7322095203125001 0.10586847968749999 0.7405632921875 0.10494034375000001 0.7412596140625001 0.10586847968749999 0.7454354609375 0.10586847968749999 0.7496133859375 0.10494034375000001 0.752396590625 0.1016870140625 0.7572708375 0.1016870140625 0.761446684375 0.107727525 0.7530929125 0.11701997812500001 0.744044896875 0.1342106 0.737083765625 0.14721975625 0.735691125 0.1504730859375 0.739866971875 0.14675499375 0.7377800875 0.143038290625 0.737083765625 0.13142341875000002 0.741955934375 0.122130965625 0.74613178125 0.11283851250000002 0.752396590625 0.10586847968749999 0.7593577218750001 0.1021517765625 0.76562253125 0.11330327343749999 0.7593577218750001 0.1342106 0.7475244234375 0.14721975625 0.7426522546875 0.1541897890625 0.744044896875 0.1569769703125 0.74613178125 0.1602289125 0.7530929125 0.16208795781250002 0.7593577218750001 0.16255271875 0.76771149375 0.1602289125 0.761446684375 0.1555840734375 0.755181875 0.1527955046875 0.752396590625 0.1504730859375 0.7489170656249999 0.1448973359375 0.7475244234375 0.135140121875 0.75030970625 0.12073668125 0.7565745171875 0.1067980015625 0.76562253125 0.1002941171875 0.770496778125 0.101222253125 0.7718894203125 0.10726276406249999 0.7698004578125001 0.11516093281249999 0.7698004578125001 0.124453384375 0.774672625 0.12863485 0.77954479375 0.1374625421875 0.7781542296875 0.150937846875 0.777457909375 0.1593007765625 0.7802411140625 0.1648751390625 0.78581168125 0.1662694234375 0.794859696875 0.16301748124999998 0.7983413015624999 0.1644117640625 0.7962523390625 0.16301748124999998 0.79068385 0.158836015625 0.78581168125 0.1490788015625 0.7851153609375 0.135140121875 0.78581168125 0.1318881796875 0.7865059234375 0.132352940625 0.7872022453125 0.1393215875 0.7885948859374999 0.1453620984375 0.7913801703125001 0.15186598281250002 0.8011245062500001 0.15465455 0.8094782796875 0.153260265625 0.8080856375 0.148614040625 0.8004281859375 0.14164539375000001 0.792770734375 0.1342106 0.792076490625 0.1337458375 0.8094782796875 0.13142341875000002 0.7997318640625 0.1290996109375 0.7934670546875 0.11887902343750001 0.7962523390625 0.1109794671875 0.8080856375 0.1137680359375 0.8108709203125001 0.11609045468750001 0.8129598843749999 0.11748473906250001 0.8171357312499999 0.11609045468750001 0.8373228015624999 0.11887902343750001 0.8408023281249999 0.3832477796875 0.7363874453125 0.3851054390625 0.720376221875 0.3707019984375 0.72455206875 0.3707019984375 0.7301226359374999
0 0.400822696875 0.7158407812500001 0.391218090625 0.7198877578125 0.38904134218749997 0.7337164828125 0.40119728125 0.729106215625 0.400822696875 0.7158407812500001
0 0.4191315203125 0.7096570359375 0.4075013875 0.7134795265625 0.40750555000000005 0.7265225531249999 0.41748196406250004 0.722697984375 0.4191315203125 0.7096570359375
0 0.44419533906249997 0.705385575 0.43323945625000004 0.71055705625 0.42926193125 0.71134275625 0.4262610984375 0.7116815625 0.42370976718750003 0.7134795265625 0.4231090453125 0.7202244859375 0.44449500625000005 0.7116815625 0.44419533906249997 0.705385575
0 0.45860294062499996 0.7006630640625 0.44982242031249997 0.7031365625 0.4488471140625 0.7099937640625 0.45830188749999995 0.7059467890625 0.45860294062499996 0.7006630640625
0 0.47165926718750006 0.697403865625 0.4664067703125 0.6988651015625 0.466331853125 0.7025753484374999 0.47436043281250007 0.6988651015625 0.47165926718750006 0.697403865625
0 0.1360668703125 0.7192454796875001 0.1183698671875 0.7230866765624999 0.1136792453125 0.7293639578125 0.1360668703125 0.7242111828125 0.1360668703125 0.7192454796875001
0 0.1295005546875 0.7125940546875 0.1279370140625 0.713531490625 0.12656076562500002 0.7141862406249999 0.1214969484375 0.7199023078125 0.1360030515625 0.716715859375 0.1360668703125 0.7130617328125 0.1323765265625 0.7123134484375 0.1295005546875 0.7125940546875
0 0.1012361265625 0.731049678125 0.10267341875 0.7311432140624999 0.10311182031249999 0.732174184375 0.104236959375 0.734236125 0.1103024421875 0.7256162953125 0.11067841249999999 0.7145603828125 0.1058629296875 0.7111889421875001 0.1011736953125 0.7281459156250001 0.1009850171875 0.731049678125 0.1012361265625 0.731049678125
0 0.0999805765625 0.759709 0.0996157046875 0.7568987734375 0.098833240625 0.755023903125 0.0979994453125 0.7522136765625 0.09653995625 0.7544003328125 0.09565482812500001 0.7565869875 0.0938831859375 0.764003325 0.0970615984375 0.763065890625 0.0996157046875 0.7632217828125001 0.1004495 0.764003325 0.0999805765625 0.759709
0 0.271620421875 0.6761941390625 0.26885821249999997 0.675412596875 0.26687846875 0.67549158125 0.2667216984375 0.68439201875 0.265314928125 0.68439201875 0.26547169843749996 0.680332571875 0.2523404546875 0.6886863437499999 0.27188124375 0.690012471875 0.271932575 0.6763500312499999 0.271620421875 0.6761941390625
0 0.2325430078125 0.6891145296875 0.2321781359375 0.7009831640625 0.24802025468750002 0.6899750578125 0.2325430078125 0.6891145296875
0 0.083430909375 0.7447661609375 0.0839372921875 0.7534940765625 0.087266925 0.7432467265625 0.083430909375 0.7447661609375
0 0.0705216421875 0.7480482234375 0.0698737515625 0.7679609234375 0.0717106 0.7681230515624999 0.076681465625 0.765371025 0.074519978125 0.7467532734375 0.0705216421875 0.7480482234375
0 0.09448251875 0.7375431296875 0.0977344609375 0.7365121593749999 0.097921753125 0.724801496875 0.09567008906249999 0.7281729375 0.09448251875 0.7375431296875
0 0.26532741406250004 0.6756391609375 0.2606978359375 0.677326959375 0.2567008875 0.6794845140625 0.25426054374999996 0.6800374140625001 0.25194644843749997 0.6807940140625 0.2485696453125 0.6814549984375 0.24500277499999998 0.6820078984375 0.2420047171875 0.682101434375 0.23999722499999998 0.681170234375 0.23950194218749998 0.6806048640625 0.23869173125 0.6792953640625 0.2379980578125 0.6778923296875 0.2368091015625 0.67779879375 0.2326845171875 0.6792018296875 0.23238762500000001 0.6877011015625001 0.248379578125 0.6883745578125 0.2510099890625 0.6880108078125 0.2655785234375 0.6790126796875 0.26532741406250004 0.6756391609375