1 0.7023856203125 0.56857843125 0.7096895421875 0.569289215625 0.711568628125 0.59789215625 0.7089869281250001 0.6179901953125 0.7184477125 0.6211029406249999 0.7565686281249999 0.62710784375 0.7546895421875 0.6920588234375 0.792565359375 0.6948774515625 0.7908333328125 0.33338235312500003 0.6698202609374999 0.345686275 0.669117646875 0.4147058828125 0.7044117640625001 0.41151960781249997 0.7023856203125 0.56857843125
1 1 0.3125 0.9560784312499999 0.312181371875 0.851143790625 0.3259558828125 0.849395425 0.7036764703125 0.9548039218750001 0.7214950984375 1 0.7291666671875 1 0.3125
1 0.8092810453125001 0.583774509375 0.8061764703125001 0.46105392187499994 0.8054738562500001 0.339632353125 0.8186437906249999 0.337524509375 0.8169771234375001 0.5778431375 0.8248856203124999 0.5782598046875 0.8253431375 0.7132843140625 0.8493627453125001 0.7125490203125 0.85129085 0.3126225484375 0.7934477125 0.31801470625 0.792565359375 0.6948774515625 0.8081209156250001 0.6924754906249999 0.8092810453125001 0.583774509375
1 0.669117646875 0.4147058828125 0.6698202609374999 0.345686275 0.6709150328125 0.240931371875 0.6613235296875 0.215367646875 0.6596405234375 0.5588235296875 0.6687908499999999 0.5575980390625 0.669117646875 0.4147058828125
1 0.5048202609375 0.7557107843749999 0.5422385625 0.771397059375 0.548300653125 0.537181371875 0.5604084968749999 0.538210784375 0.5602450984375 0.5274264703125 0.564983659375 0.5274264703125 0.5658006531249999 0.537475490625 0.6223366015625 0.54335784375 0.6226633984375 0.53625 0.6288725484375 0.53625 0.6288725484375 0.543602940625 0.6336111109375 0.543602940625 0.62883986875 0.8159558828125 0.6580882359375 0.8206127453125 0.6613235296875 0.215367646875 0.5069117640624999 0.25732843125 0.5059640515625 0.3747058828125 0.505620915625 0.5932598046875001 0.5048202609375 0.7557107843749999
1 0.38771241875 0.6842156859374999 0.430065359375 0.666446078125 0.430065359375 0.6349264703124999 0.4246405234375 0.6318872546875001 0.3914379078125 0.6445833328125 0.391094771875 0.6349264703124999 0.389068628125 0.35742647031249997 0.4961274515625 0.40012254843750006 0.4934150328125 0.589681371875 0.505620915625 0.5932598046875001 0.5059640515625 0.3747058828125 0.36022875781249997 0.3089950984375 0.36 0.706397059375 0.3897385625 0.6959068625 0.38771241875 0.6842156859374999
1 0.29839869218750004 0.58164215625 0.30754902031250003 0.5970833328125 0.30934640468749997 0.6078676468750001 0.29856209218749996 0.6885049015625 0.3126143796875 0.6912009796875 0.319803921875 0.6206127453125 0.3539542484375 0.6287009796875 0.3492156859375 0.7049264703125 0.36 0.706397059375 0.36022875781249997 0.3089950984375 0.2638235296875 0.3359558828125 0.2605228765625 0.6445098046875 0.265065359375 0.5809068625 0.29839869218750004 0.58164215625
1 0.19271241875 0.6545098046875 0.191405228125 0.681960784375 0.19271241875 0.6935294125 0.2559477125 0.6722058828125 0.2605228765625 0.6445098046875 0.2629248359375 0.33676470625 0.1973856203125 0.322303921875 0.1977614375 0.626053921875 0.1971241828125 0.645686275 0.19271241875 0.6545098046875
0 0.7294281046875 0.694289215625 0.7288888890624999 0.70176470625 0.7233169937499999 0.7050980390625 0.7199673203125 0.7076225484374999 0.725539215625 0.7243382359375 0.725539215625 0.72767156875 0.7138398687499999 0.7343627453125 0.7127450984375 0.72517156875 0.7105228765625 0.711789215625 0.7060457515625 0.7084313718749999 0.7049509796875 0.7000735296875 0.7105228765625 0.6867401953125001 0.7127450984375 0.6850490203125 0.7010457515625 0.6775490203125 0.7021405234375 0.6357843140624999 0.68099673125 0.6315686281249999 0.7272385625 0.7881127453125 0.7433660125 0.793897059375 0.743905228125 0.66835784375 0.7316666671875 0.6842156859374999 0.7294281046875 0.694289215625
0 0.6669771234375 0.7697303921875001 0.713382353125 0.7847303921875 0.6750326796875 0.63051470625 0.6666503265625 0.62857843125 0.6669771234375 0.7697303921875001
0 1 0.7291666671875 0.9548039218750001 0.7214950984375 0.849395425 0.7036764703125 0.8493627453125001 0.7125490203125 0.8253431375 0.7132843140625 0.8081209156250001 0.6924754906249999 0.792565359375 0.6948774515625 0.7552496343749999 0.6921005046875 0.7525326796875 0.8122058828125001 0.7313725484375 0.8038480390625 0.6745588234375 0.7862990203125 0.6580882359375 0.8206127453125 0.65952614375 0.823897059375 0.62883986875 0.8159558828125 0.6155392156249999 0.8297549015625 0.5409150328125001 0.79801470625 0.5422385625 0.771397059375 0.5048202609375 0.7557107843749999 0.5058333328125 0.6200735296875 0.468513071875 0.6484803921875 0.45905228749999993 0.6443137250000001 0.4323202609375 0.6585049015625 0.430065359375 0.666446078125 0.38771241875 0.6842156859374999 0.3897385625 0.6959068625 0.39055555625 0.696102940625 0.36 0.706397059375 0.3492156859375 0.7049264703125 0.3493464046875 0.7052941171875 0.3126143796875 0.6912009796875 0.29856209218749996 0.6885049015625 0.288643790625 0.7002696078125 0.2552287578125 0.6843872546875 0.2559477125 0.6722058828125 0.19271241875 0.6935294125 0.191748365625 0.7061274515625 0 0.7794117640625 0 1 1 1 1 0.7291666671875