1 0.194722221875 0.6836274515625 0.168856209375 0.6872794125 0.1693464046875 0.7582843140625 0.202042484375 0.7502205875 0.194722221875 0.6836274515625
0 0.8284640515625 1 0.8391666671875001 0.8424509796875 0.8031535953125 0.8179166671875 0.8470098046875 0.7540931375000001 0.8470098046875 0.7060049015625001 0.8163562093750001 0.7184313718750001 0.8041339875 0.7254901953124999 0.6794281046874999 0.67642156875 0.52892156875 0.7393627453125 0.5288888890625 0.7509803921875 0.5074183 0.76198529375 0.507516340625 0.7544117640625 0.5073202609374999 0.7540931375000001 0.47524509843749996 0.77767156875 0.46019607812499996 0.7806127453125 0.43269607812500005 0.7786519609375 0.365931371875 0.74232843125 0.361356209375 0.73642156875 0.3626633984375 0.7325 0.3646241828125 0.7226715687499999 0.3672549015625 0.71875 0.36629085 0.7102450984375 0.3665849671875 0.7099264703125 0.2193464046875 0.7443382359374999 0.233725490625 0.9268872546875 0.2369934640625 0.945539215625 0.21081699375000001 0.9661764703125 0.2103594765625 1 0.8284640515625 1
0 0.1817320265625 0.78892156875 0.216225490625 0.8852696078125 0.20411764687499998 0.7835294125 0.1817320265625 0.78892156875
0 0.2069117640625 0.75948529375 0.17274509843750002 0.7654166671875 0.17839869218749999 0.783186275 0.2066339875 0.7768382359375 0.2069117640625 0.75948529375
0 0.1169771234375 0.8259803921875 0.0959150328125 0.9085539218750001 0.0900490203125 0.949803921875 0.15607843125 0.9305882359375 0.165408496875 0.8518137250000001 0.15099673125 0.799289215625 0.13236928125 0.800563725 0.12926470625 0.8374019609375001 0.122826796875 0.8329901953125001 0.1169771234375 0.8259803921875
0 0.19194444375 0.916446078125 0.17143790781249998 0.8593627453125 0.16676470625 0.927867646875 0.19194444375 0.916446078125
1 0.164460784375 0.6762990203125 0.17861111093749998 0.630196078125 0.14251634062500002 0.636053921875 0.140065359375 0.6704411765625 0.14495097968749998 0.6821568625000001 0.164460784375 0.6762990203125
1 0.1922712421875 0.67482843125 0.1869117640625 0.6316666671875 0.17081699374999998 0.6762990203125 0.1922712421875 0.67482843125
1 0.425539215625 0.34649509843750004 0.127091503125 0.2897549015625 0.12382352968749999 0.2925 0.123905228125 0.3371568625 0.42413398750000003 0.37995097968749997 0.425539215625 0.34649509843750004
1 0.0693464046875 1 0.0695588234375 0.9999509796874999 0.0745751640625 0.9718627453125 0.055931371875000004 0.9797058828124999 0.058300653125000004 0.9627696078125 0.0779248359375 0.9537009796874999 0.0811928109375 0.9370098046875001 0.08249999999999999 0.9071078437500001 0.089542484375 0.7850980390625 0.08073529375 0.7875980390625 0.0817156859375 0.77142156875 0.0905228765625 0.7704411765625 0.09647058750000001 0.6510294125 0.09176470625000001 0.643382353125 0.07687908437499999 0.647524509375 0.0776633984375 0.6304411765625 0.1027614375 0.626936275 0.130604575 0.595318628125 0.123905228125 0.3371568625 0.12382352968749999 0.2925 0.1154901953125 0.2920343140625 0.1050490203125 0.2736519609375 0.10356209218750001 0.1748774515625 0.0492973859375 0.0154166671875 0 0.00232843125 0 0.9417647062500001 0.0085308859375 0.935361565625 0 0.9422058828125 0 1 0.0693464046875 1
1 0.45942810468750006 0.273725490625 0.10356209218750001 0.1748774515625 0.1050490203125 0.2736519609375 0.4603594765625 0.34571078437499997 0.45942810468750006 0.273725490625
1 0.6810620921874999 0.46254902031249995 0.7333006531249999 0.4575980390625 0.733774509375 0.4262009796875 0.76271241875 0.423725490625 0.763186275 0.45620097968750006 0.7333006531249999 0.4583088234375 0.6810620921874999 0.46394607812500005 0.6794281046874999 0.67642156875 0.8041339875 0.7254901953124999 0.806013071875 0.38066176406249996 0.8497712421875001 0.375710784375 0.8488398687500001 0.26208333281249996 0.693513071875 0.319117646875 0.68763071875 0.3706372546875 0.6808333328125 0.373602940625 0.6810620921874999 0.46254902031249995
1 0.5288888890625 0.7509803921875 0.5271895421874999 0.3397303921875 0.49852941250000005 0.33357843125 0.507516340625 0.7544117640625 0.5074183 0.76198529375 0.5288888890625 0.7509803921875
1 0.8032026140624999 0 0.6557189546875 0.1181372546875 0.6537581703125 0.2286764703125 0.6204248359375 0.2490196078125 0.54133986875 0.21274509843749997 0.45942810468750006 0.273725490625 0.4603594765625 0.34571078437499997 0.425539215625 0.34649509843750004 0.42413398750000003 0.37995097968749997 0.419934640625 0.38725490156250003 0.419934640625 0.4627450984375 0.42173202656250003 0.6404411765625 0.437091503125 0.6536764703125 0.4509803921875 0.5524509796875 0.48316993437500005 0.55710784375 0.4826797390625 0.684068628125 0.49771241875000005 0.7014705875 0.500326796875 0.7416666671875001 0.507516340625 0.7544117640625 0.49852941250000005 0.33357843125 0.5138888890625 0.3279411765625 0.6218954250000001 0.27647058750000003 0.8478758171875 0.157352940625 0.8513071890624999 0.5352941171875 0.9064309546875 0.5410721515625 0.8509803921874999 0.5372549015625 0.8452614374999999 0.81323529375 1 0.8839705875 1 0 0.8032026140624999 0
1 0.8497712421875001 0.375710784375 0.806013071875 0.38066176406249996 0.8057679734375001 0.37995097968749997 0.8041339875 0.7254901953124999 0.8163562093750001 0.7184313718750001 0.81918300625 0.3909068625 0.850016340625 0.38982843125 0.8497712421875001 0.375710784375
1 0.36433006562500003 0.7083088234375 0.36107843125 0.703186275 0.3613725484375 0.699460784375 0.3659477125 0.69676470625 0.3725 0.6963235296875 0.38215686249999997 0.6938235296874999 0.3827941171875 0.690882353125 0.384117646875 0.6847794125 0.384591503125 0.67914215625 0.3730065359375 0.67323529375 0.373104575 0.66698529375 0.37130718906250004 0.6620588234375 0.37702614375 0.6581617640624999 0.37702614375 0.655196078125 0.379803921875 0.6515441171874999 0.3850326796875 0.6505882359374999 0.3933660125 0.6500735296875 0.3935294125 0.6483333328125 0.3946568625 0.6407598046875 0.3984150328125 0.6385294125 0.40447712343750003 0.6395588234375 0.4018627453125 0.6285294125 0.4031535953125 0.6285294125 0.40725490156250005 0.6297303921874999 0.40921568593749996 0.6336519609375 0.413120915625 0.6343627453125 0.42173202656250003 0.6404411765625 0.42098039218750005 0.57017156875 0.2079901953125 0.5915196078125 0.2193464046875 0.7443382359374999 0.36629085 0.7102450984375 0.36433006562500003 0.7083088234375
1 0.5469281046875001 0.3374509796875 0.68763071875 0.3706372546875 0.693513071875 0.319117646875 0.630686275 0.2993382359375 0.5469281046875001 0.3374509796875