1 0 0.8495833328125 0.1997549015625 0.752818628125 0.19905228749999998 0.7022303921875 0.199313725 0.6577941171874999 0.19905228749999998 0.5114705875000001 0.19864379062499998 0.322352940625 0.19905228749999998 0.23850490156249998 0 0.17301470624999998 0 0.8495833328125
1 0.22697712343749998 0.408725490625 0.2254411765625 0.3270833328125 0.19864379062499998 0.322352940625 0.199313725 0.6577941171874999 0.22777777812500002 0.6547549015625 0.22697712343749998 0.408725490625
1 0.69650326875 0.6536274515625 0.8302941171875 0.814117646875 0.8259150328124999 0.6668627453125 0.69650326875 0.6536274515625
1 0.8081372546875001 0.9565441171875 0.814199346875 0.934436275 0.8278758171874999 0.9277450984375 0.8420751640624999 0.9245833328125 0.64426470625 0.6495833328125 0.605604575 0.64642156875 0.6048202609375 0.904068628125 0.8081372546875001 0.9672058828125 0.8081372546875001 0.9565441171875
1 0.23473856249999997 0.5815931375 0.27849673125 0.5734803921875 0.2797712421875 0.4036274515625 0.2345098046875 0.4079411765625 0.235277778125 0.44105392187500003 0.2550490203125 0.44105392187500003 0.25575163437500004 0.526813725 0.23434640468749998 0.52892156875 0.23473856249999997 0.5815931375
1 0.5477450984375001 0.6402205875 0.513186275 0.6780392156249999 0.6034477125000001 0.7865931374999999 0.605604575 0.64642156875 0.5477450984375001 0.6402205875
0 0.8202450984375 1 0.8117973859375001 0.9669607843750001 0.8081372546875001 0.9672058828125 0.6048202609375 0.904068628125 0.604248365625 0.8807598046875 0.46785947656250004 0.8407352937500001 0.46841503281249997 0.8610784312499999 0.4552941171875 0.865147059375 0.44545751562499997 0.8602450984375001 0.44545751562499997 0.8358088234375 0.42047385625 0.8283333328125 0.420686275 0.7508088234375 0.4044117640625 0.759975490625 0.3930882359375 0.9175735296875001 0.3702450984375 0.919117646875 0.3728431375 0.868725490625 0.3794117640625 0.8583823531249999 0.3865359484375 0.77625 0.38867647031249997 0.7447058828124999 0.3821241828125 0.7406372546875 0.385408496875 0.68176470625 0.3502941171875 0.6799019609375 0.3509477125 0.6365441171875 0.3012581703125 0.6475490203125001 0.3021568625 0.664632353125 0.2947549015625 0.6624264703125 0.2767156859375 0.658897059375 0.27849673125 0.5734803921875 0.2784150328125 0.5725 0.23473856249999997 0.5815931375 0.23521241874999999 0.6502205875 0.22777777812500002 0.6547549015625 0.199313725 0.6577941171874999 0.19905228749999998 0.7022303921875 0.20014705937500002 0.7004166671875 0.1997549015625 0.752818628125 0 0.8495833328125 0 1 0.8202450984375 1
1 0.820457515625 0.94198529375 0.8180882359374999 0.9451470593750001 0.8151960781250001 0.9581617640625 0.8167647062500001 0.9656617640625 0.820457515625 0.97039215625 0.8467647062499999 0.979852940625 0.8435947718750001 0.9415931375 0.8246568625 0.94198529375 0.820457515625 0.94198529375
1 0.2767156859375 0.658897059375 0.2947549015625 0.6624264703125 0.293039215625 0.4025490203125 0.350669934375 0.403946078125 0.35111111093749997 0.5920833328125 0.3502941171875 0.6799019609375 0.39990196093749997 0.682352940625 0.4027450984375 0.6463725484375 0.3909477125 0.6506372546875 0.387696078125 0.6244117640625 0.40802287656249997 0.617696078125 0.37225490156249996 0.612818628125 0.37305555625000003 0.5859803921875 0.6078594765625 0.60357843125 0.607434640625 0.264803921875 0.2254411765625 0.3270833328125 0.22697712343749998 0.408725490625 0.2797712421875 0.4036274515625 0.2767156859375 0.658897059375
1 0.4822712421875 0.6762009796874999 0.5115522875 0.6353431375 0.4371405234375 0.6243627453125 0.44486928125 0.7097549015625 0.45300653593750007 0.7006127453125 0.4822712421875 0.6762009796874999
1 0.3001143796875 0.4027450984375 0.3012581703125 0.6475490203125001 0.3509477125 0.6365441171875 0.35111111093749997 0.5920833328125 0.350669934375 0.403946078125 0.3001143796875 0.4027450984375
1 0.8649183 0 0.6069117640624999 0.0865441171875 0.6078594765625 0.60357843125 0.9262473734375 0.6347310703125 1 0.6410294125 1 0 0.8649183 0
1 1 0.6418382359375 0.9755832078125 0.6396149859375 0.9740196078125001 0.6570833328125001 0.96107843125 0.6589705875 0.949395425 0.682647059375 0.938039215625 0.682647059375 0.9007843140625 0.674117646875 0.8616503265625 0.6708088234375 0.8616503265625 0.705367646875 0.852483659375 0.7209803921875 0.87521241875 0.9018627453124999 0.8753738078125 0.901847365625 0.87805555625 0.917475490625 0.8865849671875001 0.920318628125 0.8909967312499999 0.9359558828125 0.8856372546875001 0.9762009796875001 0.9683006531249999 1 1 1 1 0.6418382359375
1 0.6772058828125 0.6531372546875 0.6658496734375 0.65267156875 0.840751634375 0.9069117640625001 0.8357026140625001 0.8359068625000001 0.6772058828125 0.6531372546875