0 0.1119281046875 0.72289215625 0.11519607812499999 0.7631372546875 0.12616013125 0.753382353125 0.1224509796875 0.6654166671875 0.0817810453125 0.6922549015625 0.0818464046875 0.712524509375 0.09648692812500001 0.7155882359375 0.1090849671875 0.7198529406249999 0.1119281046875 0.72289215625
1 0.7525490203125 0.4983088234375 0.7507189546874999 0.28897058750000004 0.743104575 0.294852940625 0.743774509375 0.516446078125 0.754199346875 0.5120098046875 0.7525490203125 0.4983088234375
1 0 0.49000000000000005 0.030016340625 0.4999509796875 0.0770751640625 0.49784313750000003 0.0744771234375 0.408186275 0.090016340625 0.4099509796875 0.091895425 0.3259558828125 0 0.2906372546875 0 0.49000000000000005
0 0 0.875318628125 0.06599673125 0.8186519609375 0.0631535953125 0.79607843125 0.06640522812500001 0.7662009796875 0.06883986875 0.716789215625 0.0721241828125 0.69301470625 0 0.73414215625 0 0.875318628125
0 1 0.731960784375 0.9700163406250001 0.7173774515625 0.906225490625 0.6940931375 0.8918464046875 0.6970343140625 0.8840359484375 0.692647059375 0.781225490625 0.6881127453125 0.7432189546875 0.655367646875 0.65081699375 0.6572549015625 0.6502941171875001 0.6872794125 0.6279248359375 0.6882843140625 0.6066666671875 0.650710784375 0.597957515625 0.6612254906249999 0.5969281046875 0.6732598046875 0.5943627453125 0.6837500000000001 0.5577941171874999 0.68676470625 0.5042320265625 0.6875 0.4902450984375 0.621568628125 0.3503594765625 0.6173039218749999 0.350457515625 0.6209803921875 0.3121895421875 0.619460784375 0.309117646875 0.6143382359375 0.298169934375 0.6154901953125 0.136405228125 0.7557843140625 0 0.875318628125 0 1 1 1 1 0.731960784375
1 0.123856209375 0.337132353125 0.106617646875 0.3329166671875 0.09900326875 0.41465686249999995 0.1235620921875 0.41634803906249995 0.123856209375 0.337132353125
1 0.124068628125 0.5391666671875 0.093169934375 0.543431371875 0.0817810453125 0.6922549015625 0.1224509796875 0.6654166671875 0.124068628125 0.5391666671875
1 0 0.73414215625 0.0721241828125 0.69301470625 0.0843627453125 0.54335784375 0 0.55625 0 0.73414215625
1 1 0.23421568593750003 0.908186275 0.2762009796875 0.9071895421875 0.5105392156249999 0.9335457515625001 0.50914215625 0.9340032687500001 0.4900735296875 0.954248365625 0.49254902031250003 0.9525980390625 0.5109068625 0.933774509375 0.50948529375 0.9071895421875 0.5109068625 0.906225490625 0.6940931375 0.9700163406250001 0.7173774515625 0.969542484375 0.286789215625 1 0.2779166671875 1 0.23421568593750003
1 0.3503594765625 0.6173039218749999 0.4902450984375 0.621568628125 0.49591503281250005 0.3440931375 0.30099673125000004 0.3425490203125 0.297516340625 0.55085784375 0.3519934640625 0.552696078125 0.3503594765625 0.6173039218749999
1 0 0.27426470625 0.139934640625 0.331960784375 0.1395432359375 0.5668035484375 0.13875817031249998 0.566960784375 0.136405228125 0.7557843140625 0.298169934375 0.6154901953125 0.297516340625 0.55085784375 0.30099673125000004 0.3425490203125 0 0.09110294062499999 0 0.27426470625
1 0.1766979546875 0.5593620484375 0.207777778125 0.5531372546875 0.2846405234375 0.5275490203125 0.28581699375 0.3913725484375 0.202091503125 0.35607843125 0.20738562031250002 0.5528431375 0.1766979546875 0.5593620484375
1 0.5557679734375001 0.37267156875 0.6306372546875 0.3747058828125 0.6279248359375 0.6882843140625 0.6502941171875001 0.6872794125 0.6530065359375 0.277647059375 0.5062418296875 0.2772058828125 0.5042320265625 0.6875 0.5577941171874999 0.68676470625 0.5557679734375001 0.37267156875
1 0.4902450984375 0.621568628125 0.5042320265625 0.6875 0.5062418296875 0.2772058828125 0.4916666671875 0.3267156859375 0.48738562031250005 0.3439705875 0.49591503281250005 0.3440931375 0.4902450984375 0.621568628125
1 0.743643790625 0.5743627453125 0.7423856203125 0.2629901953125 0.655457515625 0.2629901953125 0.6530065359375 0.277647059375 0.65081699375 0.6572549015625 0.7432189546875 0.655367646875 0.743643790625 0.5743627453125
1 0.7603431375 0.3555882359375 0.8027777781250001 0.3424509796875 0.80176470625 0.488382353125 0.7623856203125 0.48639705937500005 0.752957515625 0.49845588281250003 0.754199346875 0.5120098046875 0.7573529406249999 0.5290441171875 0.8206535953125 0.545196078125 0.8192320265624999 0.5729901953125001 0.8374183000000001 0.5790931375 0.8354411765625 0.606960784375 0.8600980390625 0.6157598046875 0.8608333328125 0.64392156875 0.886013071875 0.655686275 0.8840359484375 0.692647059375 0.8918464046875 0.6970343140625 0.8955718953125 0.2773774515625 0.7507189546874999 0.28897058750000004 0.7525490203125 0.4983088234375 0.761830065625 0.48585784375 0.7603431375 0.3555882359375
1 0.908186275 0.2762009796875 0.8955718953125 0.2773774515625 0.8918464046875 0.6970343140625 0.906225490625 0.6940931375 0.908186275 0.2762009796875
1 0.12204248437500001 0.5001470593749999 0.094395425 0.4995343140625 0.0927614375 0.522696078125 0.1224509796875 0.52392156875 0.12204248437500001 0.5001470593749999
1 0.08423202656249999 0.5044117640625 0.0537418296875 0.505024509375 0.0537418296875 0.51232843125 0.08423202656249999 0.5214950984375 0.08423202656249999 0.5044117640625
1 0 0.53892156875 0.0813888890625 0.5269852937499999 0.0370588234375 0.5105147062500001 0 0.51375 0 0.53892156875