1 0.011143790625 0 0 0.001102940625 0 0.8204656859374999 0.1392156859375 0.816225490625 0.15228758125 0.20823529375 0.09398692812500001 0.18664215625 0.09398692812500001 0.07955882343750001 0.097777778125 0 0.011143790625 0
1 0.9829084968749999 0 0.97797385625 0.9787745093750001 0.9961764703125 1 1 1 1 0 0.9829084968749999 0
1 0.9383496734375001 0 0.9372549015624999 0.9735294124999999 0.97797385625 0.9787745093750001 0.9829084968749999 0 0.9383496734375001 0
1 0.9161111109375 0 0.9175980390625 0.253039215625 0.9172222218750001 0.8696078437500001 0.9123202609375 0.9316911765624999 0.9372549015624999 0.9735294124999999 0.9421568625000001 0.53676470625 0.9383496734375001 0 0.9161111109375 0
1 0.885408496875 0.475539215625 0.8825817 0.8732107843750001 0.9172222218750001 0.8696078437500001 0.9175980390625 0.253039215625 0.8846895421875001 0.2555882359375 0.8797875812499999 0.35750000000000004 0.8804901953125001 0.4038725484375 0.885408496875 0.475539215625
1 0.097777778125 0 0.09398692812500001 0.07955882343750001 0.282957515625 0 0.097777778125 0
1 0.3440522875 0.36024509843749997 0.33602941249999996 0.33301470625 0.2824509796875 0.2900490203125 0.2819281046875 0.3747303921875 0.2899019609375 0.3727450984375 0.2944771234375 0.37093137187499997 0.29856209218749996 0.37247549062499996 0.29890522812500003 0.37752450937500004 0.297352940625 0.3889705875 0.2944771234375 0.3912990203125 0.29075163437499996 0.3930882359375 0.28599673124999997 0.3974264703125 0.28160130781250003 0.3994117640625 0.27771241875 0.39637254843749997 0.2758496734375 0.385710784375 0.27633986875 0.352647059375 0.2768627453125 0.283553921875 0.23107843125 0.23625 0.225669934375 0.238774509375 0.2222549015625 0.371568628125 0.2285457515625 0.371568628125 0.23210784375000001 0.372303921875 0.23531045781249998 0.3750980390625 0.23547385625 0.378431371875 0.23531045781249998 0.384803921875 0.2341503265625 0.39039215625 0.2312581703125 0.3916666671875 0.22598039218750002 0.3916666671875 0.2215849671875 0.3875980390625 0.219803921875 0.37857843125 0.22295751562500002 0.23355392187500001 0.22999999999999998 0.229852940625 0.20081699375 0.2140441171875 0.1916666671875 0.2182598046875 0.1853431375 0.2166666671875 0.18357843125 0.2140441171875 0.1895588234375 0.2034803921875 0.17936274531250002 0.197696078125 0.15228758125 0.20823529375 0.1392156859375 0.816225490625 0.32081699375 0.7941666671875 0.3869117640625 0.78698529375 0.3939705875 0.4206617640625 0.3444117640625 0.3818627453125 0.3440522875 0.36024509843749997
1 0.2200490203125 0.7453431375 0.32081699375 0.751617646875 0.32397058749999996 0.4634558828125 0.22738562031249998 0.4114950984375 0.2200490203125 0.7453431375
1 0.76 0.8250980390624999 0.76 0.8017156859375 0.779313725 0.8037009796874999 0.7779084968750001 0.47870097968750003 0.885408496875 0.475539215625 0.8804901953125001 0.4038725484375 0.8797875812499999 0.35750000000000004 0.7961764703124999 0.3690931375 0.7863398687500001 0.3827941171875 0.77370915 0.379632353125 0.7645751640625 0.3754166671875 0.7083660125 0.3838480390625 0.7061764703125 0.3843627453125 0.7045588234375 0.8269362750000001 0.76 0.8250980390624999
1 0.6951797390625 0.826102940625 0.7045588234375 0.8269362750000001 0.7064052281250001 0.3491666671875 0.5847712421875 0.356446078125 0.579542484375 0.41943627499999997 0.5651633984375 0.4223774515625 0.5416339875 0.3897794125 0.5407026140625 0.3618382359375 0.457696078125 0.3684558828125 0.4565522875 0.38806372499999997 0.44985294062500003 0.38806372499999997 0.44952614375 0.3706617640625 0.445931371875 0.3706617640625 0.41194444375000006 0.372132353125 0.408186275 0.418210784375 0.3939705875 0.4206617640625 0.3869117640625 0.78698529375 0.5990196078125 0.8189950984375001 0.5985903703125001 0.802262621875 0.5993627453125 0.8161519609375001 0.680800653125 0.8251225484375 0.679983659375 0.7851715687499999 0.69616013125 0.7861519609375 0.6951797390625 0.826102940625
1 0.5965750453124999 0.7660217078125 0.5965359484375 0.765318628125 0.6000163406250001 0.4922794125 0.4708496734375 0.4947549015625 0.47228758125 0.753946078125 0.5965750453124999 0.7660217078125
0 0.9961764703125 1 0.97797385625 0.9787745093750001 0.9372549015624999 0.9735294124999999 0.9123202609375 0.9316911765624999 0.9172222218750001 0.8696078437500001 0.8825817 0.8732107843750001 0.8769281046874999 0.8346323531250001 0.8453104578125 0.8280882359374999 0.7951633984375001 0.8215441171875 0.790800653125 0.823186275 0.7864542484375 0.8313725484375001 0.7602777781250001 0.8313725484375001 0.76 0.8250980390624999 0.6951797390625 0.826102940625 0.6959640515625 0.8264705875 0.680800653125 0.8251225484375 0.5990196078125 0.8189950984375001 0.3869117640625 0.78698529375 0.32081699375 0.7941666671875 0.322042484375 0.79210784375 0.1392156859375 0.816225490625 0 0.8204656859374999 0 1 0.9961764703125 1