0 0.46359374999999997 0.6644197875 0.473074728125 0.6752117265625001 0.4725597828125 0.66816368125 0.46359374999999997 0.6644197875
0 0.5343233703125 1 0.533407609375 0.8557634359374999 0.5345 0.8048330625 0.5415978265625 0.7901058625 0.550880434375 0.7827443 0.5634388593749999 0.772107084375 0.5367296203125 0.7717671015625001 0.515161684375 0.7679478828125 0.493411684375 0.7594258953125 0.477849184375 0.7528807 0.46328804375 0.7414271171875 0.45264130468749997 0.729767915625 0.449137228125 0.716950325 0.4496834234375 0.7092467421875 0.4500135875 0.6563925078125 0.4451358703125 0.6520561890625001 0.44097826093750003 0.6444218234375 0.44163043437500005 0.6313314328125 0.44707880468749994 0.624816775 0.46133152187500004 0.6180211718749999 0.481125 0.6113395765625 0.497688859375 0.6084079796874999 0.5232608703125 0.6054092015625 0.546876359375 0.606498371875 0.5563858703125 0.605682003125 0.556887228125 0.586932003125 0.5572961953125 0.5834548046875 0.5371385875 0.5891815953124999 0.5366154890625 0.58320846875 0.5003899453125 0.5911583874999999 0.444144021875 0.5812153906249999 0.4441779890625 0.584409609375 0.4441779890625 0.585637215625 0.44344972812499994 0.5870684046875 0.44080978281250005 0.589248778125 0.4424021734375 0.5900671828124999 0.44272146718750005 0.5904092015625 0.4428573375 0.59136400625 0.4427663046875 0.598182003125 0.442130434375 0.5982491859375 0.4403546203125 0.5982491859375 0.44030978281250005 0.60002239375 0.43758016250000004 0.600567996875 0.43744293437500004 0.5990675890625 0.414418478125 0.6039759765625 0.38165760937500004 0.6111359937499999 0.349623640625 0.6006351796875 0.3442989125 0.5994767921874999 0.3418885875 0.59872760625 0.34252445625 0.59252239375 0.2734524453125 0.6034995921874999 0.22353668437500002 0.6122271984375 0.22412771718750002 0.6222495921875 0.050399456249999995 0.6494523609375 0.044301629687499997 0.673723534375 0.027375 0.680065146875 0.0118586953125 0.6832003249999999 0 0.6833591203125 0 1 0.5343233703125 1
0 0.653775815625 0.7153807 0.6551644015625 0.720183225 0.6557527171875 0.7300916125 0.6533274453125 0.740773615625 0.640592390625 0.75474755625 0.62175679375 0.76505293125 0.6021793484375 0.76933631875 0.588525815625 0.7726628671875 0.616619565625 0.783684853125 0.6428478265625001 0.7614311890625001 0.682349184375 0.7335057 0.6988831515625 0.7176506515625001 0.7177771734375 0.6998452765625001 0.729050271875 0.6904743484375 0.689248640625 0.6805313515625 0.6693342390625 0.6745846906249999 0.66610054375 0.674142915625 0.6629402171875001 0.673373371875 0.6622785328125 0.66951954375 0.6590448375 0.671832246875 0.655150815625 0.671170603125 0.6541141296874999 0.67439739375 0.6541141296874999 0.67462744375 0.653775815625 0.7153807
0 0.6405774453124999 0.6989963359375 0.6402105984375 0.67994706875 0.6371970109375 0.6740004078124999 0.629186140625 0.6764230453125 0.6186779890625 0.6786258140625 0.6202214671874999 0.6860036640625 0.6257323375 0.6888660421874999 0.6405774453124999 0.6989963359375
0 0.5287024453125 0.7104723125 0.5212663046875 0.6802870515625 0.5020652171875 0.676451546875 0.491275815625 0.6797394140625 0.4909103265625 0.750201546875 0.510567934375 0.75865024375 0.53327445625 0.7632166125000001 0.5431793484375 0.7648147390625 0.5287024453125 0.7104723125
0 0.48798097812499996 0.6811176703124999 0.47298641249999995 0.687968240625 0.4632948375 0.6948188109375 0.46841440156249997 0.7392060265625 0.48633559843749996 0.7487947875 0.48798097812499996 0.6811176703124999
0 0.454213315625 0.7221661234375001 0.4593573375 0.7295989406250001 0.4640733703125 0.734737378125 0.45972554375 0.6983998375 0.45470380468749994 0.7061074921875 0.453355978125 0.711245928125 0.4526209234375 0.7162927531250001 0.454213315625 0.7221661234375001
0 0.581032609375 0.7651343640625 0.581793478125 0.6961787453125 0.543849184375 0.7530333875 0.5461358703125 0.7646783390625 0.5624402171875 0.7655924265625 0.581032609375 0.7651343640625
0 0.560262228125 0.7242630296875 0.5812459234375 0.6933469062500001 0.5808790765625 0.6829356671875 0.55025 0.6827076546875 0.5257160328125 0.680423453125 0.5426154890625 0.7513212546875 0.546317934375 0.744812703125 0.560262228125 0.7242630296875
0 0.6211046203125 0.70948900625 0.6171358703125 0.6886115640625 0.6076114125000001 0.6850427531250001 0.5987051625 0.6813436484375 0.58521195625 0.68279723125 0.5855733703125 0.7518383546875 0.6041902171875 0.728754071875 0.6211046203125 0.70948900625
0 0.629932065625 0.7536868890624999 0.624904890625 0.7280537453125 0.6215013593750001 0.7116021984375 0.585574728125 0.7543485343749999 0.585838315625 0.7655802125 0.6044456515625 0.7630700328125 0.6238464671874999 0.7575203578124999 0.629932065625 0.7536868890624999
0 0.6411209234374999 0.70433631875 0.6316413046875 0.6975101796875001 0.6211317937499999 0.69057206875 0.6315828796875 0.740651465625 0.6356100546875 0.7255883546875 0.6411209234374999 0.70433631875
0 0.6469198375 0.7116490234375 0.6435543484374999 0.7061421015625 0.642532609375 0.7053827359375 0.6321698375 0.743186075 0.634081521875 0.751223534375 0.6473831515625 0.7402117265625 0.6473532609375 0.716482084375 0.6469198375 0.7116490234375
0 0.64708695625 0.6758631921875 0.6463722828125 0.6719645765625 0.6436168484375 0.6721172640625 0.6434130437500001 0.6970460093749999 0.6471385875 0.6825162859375 0.64708695625 0.6758631921875
0 0.4596698375 0.662438925 0.46275679375 0.6899674265625 0.47230978281249997 0.68391083125 0.47260326093750005 0.677084690625 0.460625 0.6628786640625 0.4596698375 0.662438925
0 0.4752051625 0.6689352609375 0.47535190156249996 0.68291938125 0.4868165765625 0.6777443 0.4871834234375 0.6727890875 0.4752051625 0.6689352609375
0 0.45646467343749997 0.66378868125 0.456005434375 0.6601954390625 0.4524334234375 0.6580537453125 0.45252037968750003 0.6760016281250001 0.4542092390625 0.688006921875 0.45646467343749997 0.66378868125
1 0.4994415765625 0.3435342015625 0.5000733703125 0.472316775 0.5003899453125 0.494096090625 0.5003899453125 0.5187174265625 0.5003899453125 0.5911583874999999 0.5366154890625 0.58320846875 0.5364334234375 0.41661644999999997 0.5651426625 0.42264454375 0.5653260875 0.521009771875 0.5653260875 0.5777280124999999 0.595186140625 0.5707980453125 0.5945842390625 0.3760647390625 0.4994415765625 0.3435342015625
1 0.39672554375 0.560209690625 0.4033410328125 0.560305375 0.4096399453125 0.5614087953125 0.4173097828125 0.5629132734375 0.417119565625 0.5585362375 0.423418478125 0.55842223125 0.42331657656250005 0.5640920203124999 0.43338722812499997 0.5648147390625 0.43430162968749997 0.4154865640625 0.4319904890625 0.2348941375 0.40518206562500003 0.2206229640625 0.4043953796875 0.22168973906249997 0.40306114062500004 0.2211563515625 0.4033288046875 0.21904519531250002 0.3885217390625 0.211109528125 0.392394021875 0.3841856671875 0.3904904890625 0.3851364 0.393029890625 0.394271171875 0.3929021734375 0.39541123749999996 0.39201358750000004 0.398646171875 0.392394021875 0.4015004078125 0.39087092343749996 0.40264250781250005 0.3893464671875 0.40701954375 0.35366304375 0.399598940625 0.3511739125 0.56608916875 0.38115625 0.5622271984375 0.39672554375 0.560209690625
1 0.79590625 0 0.4319904890625 0.2348941375 0.43430162968749997 0.4154865640625 0.43338722812499997 0.5648147390625 0.43655978281249996 0.5651160421875 0.440036684375 0.5670113999999999 0.442563859375 0.5689047234375 0.44382744531249996 0.5707980453125 0.444144021875 0.5812153906249999 0.5003899453125 0.5911583874999999 0.5003899453125 0.5187174265625 0.5003899453125 0.494096090625 0.5000733703125 0.472316775 0.4994415765625 0.3435342015625 0.5948709234375 0.3103908796875 0.595186140625 0.5707980453125 0.6021385875 0.569379071875 0.6024551625 0.5665370515625 0.6021385875 0.5632227203125 0.6024551625 0.5547007328125 0.6030869562500001 0.5513863999999999 0.6046657609375 0.549493078125 0.6068777171875 0.5475977203125 0.6097228265625 0.546651059375 0.61225 0.5461787453125 0.6125665765625 0.541917753125 0.61288179375 0.5367080625 0.6131983703125 0.5348147390625 0.61288179375 0.53197475625 0.6131983703125 0.5315004078125 0.6135135875 0.53102809375 0.6141467390625001 0.5300793968749999 0.61509375 0.5300793968749999 0.6160421203124999 0.5305537453125 0.6169904890625 0.53102809375 0.61856929375 0.53102809375 0.6210978265625 0.5315004078125 0.6223614125 0.53197475625 0.6274171203125001 0.53244706875 0.6331059781249999 0.5329214171875 0.6346847828125 0.5333937296875 0.636581521875 0.5333937296875 0.6368967390625 0.5329214171875 0.637529890625 0.5329214171875 0.6451127718749999 0.5329214171875 0.66091304375 0.53244706875 0.66533695625 0.53244706875 0.66596875 0.53197475625 0.66660054375 0.5315004078125 0.6678641296875 0.5315004078125 0.6684959234375001 0.53244706875 0.6691277171875 0.5343424265625 0.6691277171875 0.5357613999999999 0.6688125 0.5367080625 0.6684959234375001 0.5386034203125 0.6678641296875 0.5400223937499999 0.66818070625 0.540971090625 0.66944429375 0.5414434046875 0.6713396734375 0.541917753125 0.6729198375000001 0.542390065625 0.6741834234375 0.542390065625 0.6748165765625 0.5428644140625 0.6748165765625 0.5442854234375 0.6741834234375 0.545232084375 0.6735516296874999 0.549493078125 0.6757635875 0.549493078125 0.6757635875 0.546651059375 0.6760801625 0.5433367265625 0.6763953796875 0.5386034203125 0.6767119562499999 0.537656759375 0.67797554375 0.537656759375 0.6795557062500001 0.538129071875 0.6827160328125 0.5386034203125 0.6906154890625 0.53955008125 0.6912472828125 0.5400223937499999 0.6925108703125 0.5400223937499999 0.699463315625 0.5404967421875 0.701675271875 0.540971090625 0.702938859375 0.5404967421875 0.7076793484375 0.5404967421875 0.7193709234375001 0.5414434046875 0.7297975546875 0.540971090625 0.7342214671875 0.5414434046875 0.73738179375 0.541917753125 0.7383301624999999 0.541917753125 0.7392771734375 0.5414434046875 0.74022554375 0.542390065625 0.7408573374999999 0.5428644140625 0.7411739125000001 0.5442854234375 0.7411739125000001 0.545232084375 0.7411739125000001 0.546651059375 0.7405421203125 0.54807206875 0.74022554375 0.549493078125 0.7395937499999999 0.5518607484375 0.7392771734375 0.553754071875 0.74464945625 0.553754071875 0.7579211953125 0.5547007328125 0.7749850546875 0.5561217421875 0.7816209234375 0.5570684046875 0.7863600546875 0.5570684046875 0.7917323374999999 0.5570684046875 0.8132187500000001 0.55517508125 0.829019021875 0.5561217421875 0.8378668484375 0.55517508125 0.841025815625 0.5575407171875 0.8407105984375001 0.5618037453125 0.8745217390625 0.56369706875 0.9073845109375 0.5665370515625 0.9418274453125 0.569379071875 0.9475149453125 0.5641693812499999 0.9528858703124999 0.5589617265625 0.9573097828125 0.5565940546875 0.9617336953125 0.558015065625 0.966157609375 0.5632227203125 0.969949728125 0.5707980453125 0.9737418484375 0.5707980453125 0.9854334234375 0.5722190546875 0.99428125 0.5731657171875 1 0.5765187296875001 1 0.0456005703125 1 0.0448941375 1 0 0.79590625 0