1 0.43142156875 0.635931371875 0.44970588281249996 0.6395098046875 0.4439542484375 0.201397059375 0.42328431406249994 0.21360294062500002 0.4280228765625 0.5663235296875 0.429722221875 0.5678431374999999 0.43142156875 0.635931371875
1 0.519542484375 0.2272549015625 0.49683006562500004 0.22818627500000002 0.4958986921875 0.6199509796875 0.526405228125 0.6249019609375 0.519542484375 0.2272549015625
1 0.084460784375 0.749289215625 0.43142156875 0.635931371875 0.429722221875 0.5678431374999999 0.4185457515625 0.56732843125 0.41751634062500004 0.597818628125 0.391094771875 0.606960784375 0.3900817 0.570882353125 0.4171895421875 0.56732843125 0.4280228765625 0.5663235296875 0.4276797390625 0.2791666671875 0.42328431406249994 0.21360294062500002 0.3755065359375 0.19732843125 0.33892156875 0.23443627500000003 0.319934640625 0.2257843140625 0.325016340625 0.15107843125 0.12140522812500001 0.077696078125 0.081748365625 0.0641666671875 0.080065359375 0.1419117640625 0.084460784375 0.749289215625
1 0.49683006562500004 0.22818627500000002 0.4439542484375 0.201397059375 0.44970588281249996 0.6395098046875 0.4958986921875 0.6199509796875 0.49683006562500004 0.22818627500000002
1 1 0.0491911765625 0.9709150328125 0.0462990203125 0.9494117640624999 0.12357843125000001 0.9564379078125 0.15870097968750002 0.9540522875 0.1774019609375 0.9623366015625001 0.6531127453125001 1 0.7589950984375 1 0.0491911765625
1 0.9540522875 0.1774019609375 0.8798856203125001 0.19056372500000002 0.8823202609375 0.6552941171875 0.9623366015625001 0.6531127453125001 0.9540522875 0.1774019609375
1 0.8722058828125 0.5716911765625 0.86676470625 0.1770833328125 0.9564379078125 0.15870097968750002 0.9494117640624999 0.12357843125000001 0.52866013125 0.2266666671875 0.519542484375 0.2272549015625 0.527826796875 0.6245343140624999 0.526405228125 0.6249019609375 0.6181372546875 0.6356372546875 0.6182313703125 0.6338095218750001 0.6673366015625 0.6392892156250001 0.671813725 0.5514705875 0.6719046343749999 0.5491633265625 0.6719281046875001 0.5504411765625 0.6685457515625 0.637867646875 0.836895425 0.651225490625 0.8378267968750001 0.6286519609375001 0.7533660125 0.6240686281250001 0.752352940625 0.56664215625 0.8379298015625001 0.5703863453125 0.8377614375 0.57125 0.8380392156250001 0.6224999999999999 0.8371895421875 0.650024509375 0.8707843140625 0.6483333328125 0.8722058828125 0.5716911765625
1 0.6185457515625 0.61181425 0.6185457515625 0.563039215625 0.5563398687500001 0.558774509375 0.5567483656250001 0.61 0.6185457515625 0.61181425
1 0.6717565265625 0.5410995546875 0.66581699375 0.21772058749999998 0.5543464046875 0.240147059375 0.5542810453125 0.5402450984375 0.6717565265625 0.5410995546875
1 0.8423673656249999 0.5476230078125 0.8425490203124999 0.5466911765625 0.8392973859374999 0.18372549062500002 0.6969934640625 0.2081127453125 0.70176470625 0.5451225484375 0.8423673656249999 0.5476230078125
0 1 0.9302941171875 0.9976633984375001 0.9213235296875 0.963300653125 0.9262499999999999 0.9442156859375 0.9049754906249999 0.94202614375 0.83460784375 0.9818464046875001 0.8133333328125 0.9382189546875 0.6587009796875 0.8823202609375 0.6552941171875 0.836895425 0.651225490625 0.6673366015625 0.6392892156250001 0.6181372546875 0.6356372546875 0.527826796875 0.6245343140624999 0.4958986921875 0.6199509796875 0.44970588281249996 0.6395098046875 0.43142156875 0.635931371875 0.084460784375 0.749289215625 0.0944281046875 0.95732843125 0.189395425 1 1 1 1 0.9302941171875