0 1 0.545931371875 0.9721241828125 0.542647059375 0.9451633984375001 0.5445833328125 0.9416339875 0.5438235296875 0.9219934640625 0.5475980390624999 0.913431371875 0.543063725 0.901356209375 0.536274509375 0.89452614375 0.5309558828125 0.8621405234375 0.5270833328125 0.8429411765625 0.5355147062500001 0.8172549015625 0.536274509375 0.7971241828125 0.5377696078125 0.79107843125 0.53323529375 0.79202614375 0.5177941171875 0.7713725484375 0.5142401953125 0.7704248359375 0.555882353125 0.75573529375 0.5609558828125001 0.73539215625 0.552818628125 0.738039215625 0.5111764703125 0.688856209375 0.52267156875 0.6556209156249999 0.529460784375 0.6339705875 0.5408088234374999 0.6208660125 0.5438235296875 0.5403104578125 0.5211519609375 0.5087581703125 0.5192401953125 0.5090849671875 0.559681371875 0.553905228125 0.562696078125 0.553905228125 0.5747794125000001 0.558431371875 0.577818628125 0.5680065359375 0.582352940625 0.570016340625 0.5838480390624999 0.5715196078125 0.6042401953125001 0.5659803921875 0.6042401953125001 0.54331699375 0.6148284312500001 0.5101307187499999 0.6147058828125 0.48055555625 0.626225490625 0.4647058828125 0.6132352937500001 0.46415032656250005 0.5213235296875001 0.43444444375 0.52585784375 0.2828758171875 0.5424509796875 0.13383986875 0.5575735296875 0.101699346875 0.603553921875 0.1152941171875 0.6163235296875 0.137957515625 0.62539215625 0.1419934640625 0.6299264703125 0.1465196078125 0.6337009796874999 0.149542484375 0.6352205875 0.16212418281250002 0.6389950984375 0.17320261406249998 0.64125 0.1863071890625 0.648063725 0.1852941171875 0.6322058828125 0.18982026093749998 0.6223774515625 0.2250817 0.6178431375 0.24370915 0.631446078125 0.24421568593749998 0.65107843125 0.2401797390625 0.6586274515625 0.23464052343750003 0.66164215625 0.2376633984375 0.667696078125 0.2633496734375 0.67375 0.255800653125 0.6918627453124999 0.23364379062500001 0.7190686281249999 0.26133986875000004 0.7220833328125 0.259313725 0.7288725484375 0.1842810453125 0.7832598046875 0.1530718953125 0.7847794125 0.1490359484375 0.775710784375 0.14550653593750001 0.7696568625 0.1409803921875 0.7681617640625 0.1344281046875 0.772696078125 0.12235294062499999 0.7847794125 0.11127450937500001 0.79232843125 0.0921405234375 0.8021568625000001 0.073513071875 0.8097058828125 0.039264706249999996 0.8195098046875 0 0.8575980390625 0 1 1 1 1 0.545931371875
1 0.43444444375 0.52585784375 0.43444444375 0.4873366 0.435457515625 0.52357843125 0.46415032656250005 0.5213235296875001 0.4625326796875 0.33448529374999997 0.31129085 0.31875 0.11818627500000001 0.292818628125 0.13383986875 0.5575735296875 0.2813092234375 0.542609940625 0.2813725484375 0.5439705874999999 0.43444444375 0.52585784375
1 0.2783496734375 0.47901960781249997 0.274313725 0.3642156859375 0.19426470625 0.3581617640625 0.200800653125 0.48357843125000005 0.2783496734375 0.47901960781249997
1 0.4339603578125 0.470018796875 0.43393790781249997 0.4692156859375 0.43194444374999996 0.372524509375 0.373513071875 0.3702450984375 0.37553921562500003 0.47524509843749996 0.4339603578125 0.470018796875
1 0.74 0.3352941171875 0.6580065359375 0.35605392187499996 0.660457515625 0.4988725484375 0.738039215625 0.5111764703125 0.74 0.3352941171875
1 0.5492810453125 0.466789215625 0.50710784375 0.467524509375 0.5087581703125 0.5192401953125 0.56849673125 0.511960784375 0.5688235296874999 0.5050980390625 0.6392156859375 0.49960784374999995 0.6372549015625 0.46446078437500005 0.6030718953124999 0.466274509375 0.6023366015625 0.3842401953125 0.6372549015625 0.38460784375 0.6372549015625 0.463725490625 0.6392156859375 0.4985049015625 0.660457515625 0.4988725484375 0.6580065359375 0.35605392187499996 0.5688895640625 0.3443460140625 0.5688888890625 0.344313725 0.5063888890625 0.33919117656250003 0.50581699375 0.3765931375 0.5487908499999999 0.3765931375 0.5492810453125 0.466789215625
1 0 0.60625 0.055620915625 0.5597058828125 0.101699346875 0.603553921875 0.13383986875 0.5575735296875 0.11818627500000001 0.292818628125 0.0321405234375 0.17414215625 0 0.16767156875 0 0.3277696078125 0.081879084375 0.367181371875 0.087647059375 0.49323529375 0.1174509796875 0.49627450937499995 0.062908496875 0.5242401953125 0.013104574999999999 0.5262745093750001 0 0.5345588234374999 0 0.60625
1 0 0.5345588234374999 0.013104574999999999 0.5262745093750001 0 0.3277696078125 0 0.5345588234374999
1 0.4625326796875 0.33448529374999997 0.46415032656250005 0.5213235296875001 0.4647058828125 0.6132352937500001 0.48055555625 0.626225490625 0.477777778125 0.2453431375 0.46241830000000006 0.2610294125 0.4625326796875 0.33448529374999997
1 0.73539215625 0.552818628125 0.75573529375 0.5609558828125001 0.762826796875 0.308553921875 0.7403594765625 0.31838235312499996 0.74 0.3352941171875 0.738039215625 0.5111764703125 0.73539215625 0.552818628125
1 0 0.13916666718749998 0.477777778125 0.2453431375 0.48055555625 0.626225490625 0.5101307187499999 0.6147058828125 0.5087581703125 0.5192401953125 0.50710784375 0.467524509375 0.50581699375 0.3765931375 0.5057189546874999 0.3764705875 0.5063888890625 0.33919117656250003 0.506699346875 0.2522058828125 0.762826796875 0.308553921875 0.75573529375 0.5609558828125001 0.7704248359375 0.555882353125 0.77581699375 0.3115196078125 0.8952614375 0.33627450937500003 0.8952614375 0.30294117656249997 0 0.0357843140625 0 0.13916666718749998
1 1 0.315686275 0.8952614375 0.33627450937500003 0.8691830062499999 0.3411274515625 0.7750980390625 0.3227205875 0.7713725484375 0.5142401953125 0.79202614375 0.5177941171875 0.787826796875 0.5070098046875 0.7936928109375 0.5053431374999999 0.7946405234375 0.3933333328125 0.8649183 0.389313725 0.8621405234375 0.5270833328125 0.89452614375 0.5309558828125 0.89452614375 0.5240931375 0.9471405234375 0.5297303921875 0.948431371875 0.5356372546875 0.9714379078125001 0.5375490203125 0.9721241828125 0.542647059375 1 0.545931371875 1 0.315686275
1 1 0.28117647031250004 0.8952614375 0.30294117656249997 0.8950980390625001 0.329117646875 1 0.3065931375 1 0.28117647031250004