1 0.1650733703125 0.5215105859375 0.1462540765625 0.590278909375 0.13998097812500002 0.6106697875 0.132220109375 0.6294157171875 0.1231467390625 0.653471090625 0.178682065625 0.6415757328125 0.1695733703125 0.53154723125 0.1671290765625 0.5154560265625 0.1650733703125 0.5215105859375
1 0.2008274453125 0.6366856671875001 0.1713301625 0.5352117265625 0.18097554375 0.6408143328125 0.2008274453125 0.6366856671875001
1 0.40734239062500005 0.5095439734375 0.38959375 0.5878257328125 0.4123641296875 0.586498371875 0.4114769015625 0.5675590390624999 0.408317934375 0.5161380296875 0.40734239062500005 0.5095439734375
1 0.4495353265625 0.4666490234375 0.43440896718750005 0.4667406359375 0.434470109375 0.489313925 0.4498410328125 0.48903908749999997 0.4495353265625 0.4666490234375
1 0.460436140625 0.4425162859375 0.43428668437500006 0.4420561890625 0.43428668437500006 0.46279519531249996 0.46068070624999996 0.46187703593749996 0.460436140625 0.4425162859375
1 0.444112771875 0.5711176703125 0.4355176625 0.5712052125 0.4354592390625 0.5825773609375 0.44420108750000004 0.5804539906249999 0.444112771875 0.5711176703125
1 0.4441141296875 0.544729234375 0.435001359375 0.5446193 0.43529483750000003 0.568845684375 0.4441141296875 0.568403909375 0.4441141296875 0.544729234375
1 0.44418749999999996 0.5181921828125 0.43492798906249996 0.5180822468749999 0.435001359375 0.5423065953124999 0.4440407609375 0.5420867265625 0.44418749999999996 0.5181921828125
1 0.4219660328125 0.585034609375 0.41852173906249995 0.56851384375 0.41852173906249995 0.5857715796875 0.4219660328125 0.585034609375
1 0.43399184843749994 0.5829662046874999 0.4334347828125 0.5159059453125 0.41808152187500003 0.515484528125 0.4183396734375 0.5635850984374999 0.42311548906249996 0.5851669375 0.43399184843749994 0.5829662046874999
1 0.4120489125 0.534881921875 0.4093274453125 0.5209894140625 0.41238994531250006 0.5659140875 0.4120489125 0.534881921875
1 0.40900815156250003 0.5153949515625 0.41215624999999995 0.5316449515625 0.4120706515625 0.515331840625 0.40900815156250003 0.5153949515625
1 0.025437500000000002 0.506353828125 0.021429348437500002 0.646665309375 0.022800271875 0.646665309375 0.027357337500000002 0.6425549671875 0.096144021875 0.630087540625 0.1001834234375 0.630223940625 0.10120380468750001 0.630612784375 0.1024375 0.63150244375 0.1029864125 0.6320745109375 0.1041453796875 0.6332837953125 0.104692934375 0.6336726390625 0.1051970109375 0.6348147390625 0.10566847812499999 0.6359548046875 0.10635462031250001 0.6374857484375 0.106811140625 0.6379886 0.1079239125 0.6394035015624999 0.1083967390625 0.6418241046875 0.1079239125 0.6448839578125 0.108213315625 0.6481250000000001 0.1095394015625 0.6479438109375 0.11217527187500001 0.6479438109375 0.1145529890625 0.648947475 0.11735733749999999 0.651437296875 0.11859103281250001 0.65474755625 0.1202975546875 0.6542671015625 0.1305081515625 0.6277809453125001 0.1410230984375 0.5985545609375 0.165907609375 0.5117202765625 0.16144293437499999 0.49153501562499996 0.1543410328125 0.49137622187499996 0.14480162968750002 0.49046213281249995 0.13989537968750002 0.4898452765625 0.13704483750000002 0.48863599375 0.1372894015625 0.4510301296875 0.13974184843749998 0.4501160421875 0.1448478265625 0.450048859375 0.1530910328125 0.449751628125 0.19234646718749998 0.45420399062500005 0.19464673906250002 0.45548249218750003 0.1937024453125 0.4909201953125 0.1732364125 0.4909201953125 0.169001359375 0.5069258953125 0.1706766296875 0.5263334687500001 0.2019918484375 0.6364352609374999 0.2111657609375 0.6346315140625001 0.21118070625000002 0.5883021171875 0.2103885875 0.5876628671875 0.2103274453125 0.5827992671875 0.2285529890625 0.5807675078125001 0.22722826093749998 0.57884975625 0.22574999999999998 0.576109528125 0.225338315625 0.5746478015625 0.22427173906250003 0.571223534375 0.22355570624999999 0.5681636812499999 0.2234483703125 0.566315146875 0.2234483703125 0.5647842015625 0.22386005468749998 0.5627300484375 0.224529890625 0.5604234531250001 0.2255978265625 0.5579804562499999 0.226724184375 0.5562907171875 0.2282024453125 0.5543953578124999 0.230900815625 0.5515635171875 0.24636684843749998 0.5511074921875 0.24821195624999998 0.5526384359375001 0.2502989125 0.5562907171875 0.252081521875 0.5605842828125 0.2531032609375 0.5669991859375 0.24930842343749998 0.577457246875 0.2571100546875 0.5764759765624999 0.289432065625 0.5724104234375 0.293470109375 0.56939739375 0.258375 0.5733693 0.2573084234375 0.4888864 0.3502336953125 0.49137622187499996 0.35052445625 0.542819625 0.351849184375 0.5403990234375 0.36353804375 0.5407186484375 0.3649239125 0.5437092828125001 0.3666915765625 0.548322475 0.3675760875 0.5530720687499999 0.3661739125 0.5586644953125 0.3639796203125 0.5631412859375 0.378456521875 0.565423453125 0.3782730984375 0.5896050484375001 0.380025815625 0.5888965796875001 0.381550271875 0.5885545609375 0.38401902187500003 0.5883021171875 0.3882092390625 0.5878236968749999 0.4066168484375 0.506765065625 0.404331521875 0.493933225 0.3947160328125 0.49411645000000004 0.393161684375 0.49354438125 0.3926589671875 0.470529315625 0.3943654890625 0.4695704390625 0.42019565156249994 0.46952565156250003 0.42147554375 0.47011807812499995 0.42158152187500003 0.49329397343750003 0.4107010875 0.4935219875 0.40875135937499996 0.5031575734375 0.4086141296875 0.5090492671875 0.43154755468749995 0.507976384375 0.4309538046875 0.44128053749999996 0.43256929375000003 0.43600570000000005 0.4616290765625 0.4343159609375 0.4615828796875 0.42098127031250004 0.48436548906250004 0.4264617265625 0.4874891296875 0.4258672640625 0.506994565625 0.42328786718750006 0.541342390625 0.4218037453125 0.5416168484375 0.41493078125 0.5400475546875 0.41442793125 0.3069103265625 0.342115228125 0.022282609375 0.25375000000000003 0.024050271875 0.29169991875 0.026092390625 0.36177524375000003 0.025437500000000002 0.506353828125
0 0.6952296203125 1 0.6145706515625 0.8406087140625 0.746300271875 0.8257451140625 0.7463913046874999 0.69743078125 0.703574728125 0.7015228015625 0.613342390625 0.6282980453125 0.56433695625 0.6177300484375 0.56433695625 0.622229234375 0.5664293484375 0.62311685625 0.5668845109375 0.6282980453125 0.5642459234375 0.6293892515625 0.5647010875 0.6815451953125 0.5668396734375001 0.6820907984375 0.567248640625 0.686795603125 0.56433695625 0.6892508140625 0.4480774453125 0.777679153125 0.41008287968749996 0.7562031765625 0.41008287968749996 0.7463843640625 0.3788233703125 0.7637703578124999 0.3800978265625 0.769020765625 0.361668478125 0.7798615640625 0.35143070625 0.771337540625 0.3519769015625 0.7667019546875 0.31789537968750003 0.7382715796875 0.23171195625 0.7784201953125 0.145081521875 0.674104234375 0.1807051625 0.6603420203125 0.178682065625 0.6415757328125 0.1231467390625 0.653471090625 0.12059646718749999 0.6586380296875001 0.1225529890625 0.6698188109375 0.12273505468749998 0.6985912046875 0.1196413046875 0.7649979640625 0.059032609375 0.7837479640625 0.020081521875 0.798609528125 0.016987771875 0.744134771875 0 0.828982084375 0 1 0.6952296203125 1
1 1 0.23224145 0.9773614125 0.24389657968749998 0.9779089671874999 0.2515675890625 0.9290842390625 0.274584690625 0.9289198375 0.5740370515625 0.9291032609375 0.5740370515625 1 0.571901465625 1 0.5237927531250001 0.9710339671874999 0.5261136 0.965748640625 0.52822475625 0.9628410328125 0.527839984375 0.9585991843749999 0.527839984375 0.9554347828124999 0.5271824109375001 0.9538437500000001 0.5265248375 0.9523451093749999 0.5249368890625 0.9512839671875 0.5230741046875 0.9509375 0.521237784375 0.9509375 0.5188538281249999 0.9510285328125001 0.5164698703124999 0.9516317937500001 0.5134283390625 0.9683084234375 0.5130456031249999 0.9707771734374999 0.5143607484375 0.97236820625 0.5161950328125 0.9725326093750001 0.5204438109375 0.9709415765625 0.5259771984375 1 0.5236583875 1 0.23224145
1 0 0.387831840625 0.006005434375 0.3886217421875 0.0107404890625 0.29039291562499997 0.012807065624999999 0.26123982031250004 0.0149470109375 0.2521172640625 0.0164646734375 0.2495948703125 0.0201222828125 0.2502809453125 0 0.0526934046875 0 0.387831840625
1 0.4601915765625 0.467107084375 0.451005434375 0.4650895765625 0.451005434375 0.48894747499999996 0.46031385937499997 0.488395765625 0.4601915765625 0.467107084375
1 0.45263858749999997 0.5062337140625 0.4532853265625 0.5053420203125001 0.4540353265625 0.5051323296875 0.4552989125 0.505012215625 0.45598233749999995 0.505209690625 0.456188859375 0.505034609375 0.4565855984375 0.504218240625 0.457217390625 0.5039759765625 0.4575625 0.50378868125 0.45809918437499997 0.50378868125 0.458282609375 0.5037337140625 0.45809918437499997 0.5029967421875 0.45789266250000005 0.5025020359375 0.457605978125 0.50200529375 0.457217390625 0.501862784375 0.45673912968749997 0.5018302125 0.4561290765625 0.50200529375 0.4558790765625 0.5017630296875 0.4564524453125 0.500971090625 0.4572323375 0.500354234375 0.4579524453125 0.5007837953125 0.4582975546875 0.5010912046875 0.45862771718750006 0.501146171875 0.458936140625 0.5019503249999999 0.4590394015625 0.5025671828125 0.45932608750000004 0.503051709375 0.4595760875 0.503051709375 0.46002445625000005 0.5032064328125 0.4605978265625 0.5026893328125001 0.46033287968750003 0.5025020359375 0.4597595109375 0.5024674265625 0.4595760875 0.5021925890625 0.45950951093750003 0.5021925890625 0.45917934843749997 0.5018302125 0.4590842390625 0.5011258140625 0.4594293484375 0.500751221875 0.45977445625 0.500254478125 0.45977445625 0.499737378125 0.46002445625000005 0.4990004078125 0.46041440156249996 0.49964983749999997 0.46075951093749995 0.49961726406249996 0.46074456562500005 0.49918770312499994 0.460494565625 0.4986258140625 0.46090625 0.49881311093749997 0.46153804374999996 0.49891083125 0.4620529890625 0.499065553125 0.461869565625 0.49853623750000003 0.462074728125 0.49838354999999995 0.46271467343749995 0.49853623750000003 0.4627730984375 0.4993953578125 0.4629782609375 0.4994299671875 0.46305978281250004 0.49623574843749996 0.46142119531250003 0.49611563593749997 0.46131793437499996 0.4919299671875 0.4628532609375 0.49199715 0.4628097828125 0.49131311093749996 0.434619565625 0.491368078125 0.43473641250000006 0.5079743484375 0.45208695624999995 0.5074898203125 0.45263858749999997 0.5062337140625
1 0.456498640625 0.569248778125 0.4634796203125 0.569938925 0.4633029890625 0.5452463359374999 0.45578940156250003 0.5446620515625 0.45415896718750004 0.5503440546875 0.45603804375 0.5608061890625 0.456498640625 0.569248778125
1 0.531168478125 0.5207145765625001 0.5202921203125 0.5210443812500001 0.5205135875 0.5342589578125 0.530875 0.5327157984374999 0.531168478125 0.5207145765625001
1 0.5117527171875 0.521154315625 0.49602717343749997 0.5208245109375 0.49639402187500004 0.532937703125 0.5122676625 0.5335973125 0.5117527171875 0.521154315625
1 0.5371073375 0.488715390625 0.5043899453125 0.4897719875 0.5043899453125 0.5070826546875 0.5374592390624999 0.50628868125 0.5371073375 0.488715390625
1 0.50494429375 0.4861583875 0.5040081515625 0.484501221875 0.503668478125 0.4824633546875 0.5034986406249999 0.47812907187500003 0.50341304375 0.475197475 0.5112377718750001 0.47507125468750006 0.5112377718750001 0.4778745921875 0.5113233703125 0.4799144953125 0.51128125 0.48335504843750005 0.5108125 0.48526669375000003 0.5096222828125 0.48679560312500003 0.511918478125 0.48666938125000003 0.5115788046875 0.46054153124999997 0.502095109375 0.460987378125 0.5022649453125 0.48705008125000004 0.5055394015625 0.48705008125000004 0.50494429375 0.4861583875
1 0.5207894015625001 0.48132125468750003 0.5204823375000001 0.4776506515625 0.527342390625 0.4771925890625 0.5270964671875 0.4780171015625 0.5266073375 0.481596090625 0.5264225546875 0.48416530937499996 0.5265461953125 0.486459690625 0.5372010875 0.48600162812500003 0.5368342390625 0.4594828984375 0.5198084234375 0.4596661234375 0.5201766296875 0.486093240625 0.5221358703125001 0.48664291562499995 0.5207894015625001 0.48132125468750003
1 0.5046847828125001 0.45251832187499996 0.50439945625 0.45347516250000003 0.5041875 0.4553868078125 0.5055353265625 0.455437703125 0.506563859375 0.4550671828125 0.5068831515625 0.45453990156249996 0.5068831515625 0.45347516250000003 0.506313859375 0.4516714171875 0.505994565625 0.45076750781249997 0.505463315625 0.449493078125 0.5055353265625 0.4476323296875 0.5060326093749999 0.447153909375 0.507661684375 0.4484283390625 0.5082269015625 0.4486441375 0.5084402171875 0.44800692187499996 0.5086521734375 0.446307003125 0.5081589671875 0.4463578984375 0.5067051625000001 0.4460952765625 0.506563859375 0.44487174218750003 0.5067051625000001 0.4426934046875 0.5073084234375 0.4397740234375 0.5084402171875 0.438448696875 0.5084402171875 0.43743485312499997 0.50840625 0.43690757343750003 0.5087975546875 0.43632125468750005 0.5095760874999999 0.43695846875 0.5102472828125 0.43738395781249995 0.5110978265624999 0.43765268749999997 0.51124320625 0.43605863125 0.5122676625 0.43658794843750004 0.5124796203125 0.43743485312499997 0.5129782609375 0.43828990156250003 0.5136875 0.4387092828125 0.5136154890625 0.43924470624999995 0.5134714671875 0.441207246875 0.5137894015625 0.442534609375 0.5142540765625 0.443967834375 0.514605978125 0.44550895781250005 0.51503125 0.448167753125 0.51453804375 0.4509771984375 0.5130842390625 0.4545907984375 0.5164864125 0.45437907187500004 0.5190720109375 0.45437907187500004 0.5203138593750001 0.45411237812499994 0.5191779890625 0.45262825781249993 0.5192839671875 0.4514047234375 0.5194972828125 0.4499185671875 0.519463315625 0.4484283390625 0.5192839671875 0.447420603125 0.519463315625 0.446307003125 0.5199225546874999 0.44651669375 0.520279890625 0.4464657984375 0.520279890625 0.4460952765625 0.5201698375 0.44540105937499996 0.5198885875 0.44519136875000004 0.5196032609375 0.44434242656249995 0.5194972828125 0.443067996875 0.51985054375 0.44200529375000003 0.5204538046875 0.44126017968750003 0.5204198375 0.440940553125 0.5200285328125 0.44051913750000005 0.5202078796875 0.4393464984375 0.520845109375 0.4388701140625 0.5210584234375 0.437754478125 0.5204538046875 0.437015471875 0.5209171203125 0.43595073281249996 0.521449728125 0.43542141718750005 0.5217676625000001 0.4355232078125 0.5219089671875 0.4357410421875 0.5225801625 0.4362703578125 0.52343070625 0.43658794843750004 0.5240353265625 0.43648004843750005 0.5243206515625001 0.43542141718750005 0.5254171203125 0.43520561874999997 0.5257024453125 0.435842834375 0.5257024453125 0.437015471875 0.5253111406250001 0.437595684375 0.5255230984375 0.43839169375000003 0.5261277171875001 0.4394564328125 0.5260217390624999 0.44051913750000005 0.5256644015624999 0.44141897343750003 0.526161684375 0.44243078125 0.5265149453125 0.44275040781249997 0.52658695625 0.4435973125 0.5265149453125 0.444554153125 0.5265529890625 0.445720684375 0.527012228125 0.4467833875 0.527224184375 0.44858713281249996 0.5269782609375 0.4517732078125 0.5260896734375 0.4539535828125 0.536699728125 0.45350773593750004 0.536811140625 0.43013232968750004 0.5300108703124999 0.429623371875 0.5216277171875 0.43013232968750004 0.5124456515625 0.43083469062499996 0.503855978125 0.4316632734375 0.5043274453125 0.44550895781250005 0.504862771875 0.4492243484375 0.5046847828125001 0.45251832187499996
1 0.678 0.4130232078125 0.6229565218750001 0.43559649843750003 0.6225896734374999 0.3222882734375 0.680057065625 0.26150651406250003 0.6776331515625 0.4128033390625 0.7034266296875 0.41093037499999996 0.703206521875 0.22032369687500003 0.6148722828125 0.3222882734375 0.6141385875 0.464995928125 0.6143601375000001 0.4649709890625 0.61509375 0.6200366453124999 0.650225321875 0.6457532671874999 0.65033588125 0.644293778125 0.6502324546875 0.6457584890625 0.6502948375 0.6458041531250001 0.6502292296875 0.6458041531250001 0.6502214671875 0.6459140875 0.704161684375 0.6864352609375 0.7037214671875 0.5957023609375 0.6998260875 0.5940492671875 0.70019429375 0.58061685625 0.7037214671875 0.580065146875 0.7035 0.41104030937499997 0.678 0.4130232078125
1 0.7614538046875 0.5239698703125 0.7400774453125 0.5299938921875 0.7402894015625 0.5299938921875 0.73775 0.53348330625 0.73446875 0.5336421015624999 0.7306589671875 0.53348330625 0.7278016296875001 0.5328481265625 0.7261086953125 0.5298350984375 0.7261086953125 0.5211156359375 0.7258967390625 0.5184201953125 0.72822554375 0.5165166937500001 0.73309375 0.516040309375 0.7356331515625001 0.5158815140625 0.7381725546875 0.5173086312499999 0.7399714671875001 0.520956840625 0.7399714671875001 0.5298350984375 0.7615597828125 0.5236522796874999 0.7609252718749999 0.26233916874999996 0.7293899453125 0.2604356671875 0.7286480984375 0.25884975625 0.7290720109375 0.2563131109375 0.7662160328125001 0.2239657984375 0.703206521875 0.22032369687500003 0.7037214671875 0.580065146875 0.7615597828125 0.5785158796875 0.7614538046875 0.5239698703125