0 0.9540522875 1 0.9442156859375 0.966813725 0.9442156859375 0.9497058828125 0.9279248359375 0.9325980390625 0.937696078125 0.8861764703125001 0.9588725484375 0.8886274515625001 0.939330065625 0.8275490203125001 0.9149019609375 0.80801470625 0.9067483656249999 0.7884558828125 0.9026797390624999 0.7775980390624999 0.8394281046875 0.748382353125 0.8350816999999999 0.7371568625 0.63150326875 0.66142156875 0.6228758171875 0.6649509796874999 0.60055555625 0.659313725 0.5916666671875 0.6583333328125 0.5203758171875 0.633602940625 0.4386764703125 0.599803921875 0.404852940625 0.603725490625 0.23573529375 0.6370098046875 0.22473856250000002 0.6404411765625 0.189722221875 0.6433088234375 0.1933986921875 0.6443382359375 0.1890359484375 0.7742156859375 0.192696078125 0.8932352937499999 0 1 0.9540522875 1
1 0.6228758171875 0.4108333328125 0.8388725484374999 0.369313725 0.8394281046875 0.748382353125 0.9026797390624999 0.7775980390624999 0.898725490625 0.25115196093750003 0.6020098046875 0.35267156875 0.60055555625 0.659313725 0.6228758171875 0.6649509796874999 0.6228758171875 0.4108333328125
1 0.9083986921875 0.7755392156250001 0.9093464046875 0.7715931375 0.911486928125 0.7627941171875 0.9155718953124999 0.7470833328125 0.9193300656250001 0.7414705875000001 0.9257026140625 0.7323774515625 0.9335457515625001 0.7220833328125 0.9309967312499999 0.2279411765625 0.8990359484375 0.23735294062499998 0.898725490625 0.25115196093750003 0.9026797390624999 0.7775980390624999 0.9082189546875 0.7784803921875 0.9083986921875 0.7755392156250001
1 0.98870915 0 0.9309967312499999 0.2279411765625 0.9335457515625001 0.7220833328125 0.9434640515625 0.71642156875 0.953431371875 0.71323529375 0.9687908500000001 0.6578431375 0.95555555625 0.6372549015625 0.953594771875 0.31004902031250003 1 0.214436275 1 0.0258088234375 0.9990359484375 0 0.98870915 0
1 1 0.7050490203125 0.9734803921875 0.6682598046875 0.957483659375 0.718725490625 0.9565359484375 0.7286764703124999 0.9509640515625 0.7408088234375 0.9716666671875 0.751397059375 0.9782516343750001 0.7602205875 0.978725490625 0.77823529375 0.98202614375 0.8011764703124999 0.979199346875 0.8237500000000001 0.9822549015625001 0.85164215625 0.9850817 0.8812990203125001 0.9888398687500001 0.9042401953124999 0.9966013078125 0.94517156875 1 0.947132353125 1 0.7050490203125
1 0.013513071875 1 0.192696078125 0.8932352937499999 0.1890359484375 0.7742156859375 0.19116013125 0.4610049015625 0.1976633984375 0.1317156859375 0 0.025024509374999997 0 1 0.013513071875 1
1 0.6020098046875 0.35267156875 0.5932189546875 0.35323529374999996 0.5916666671875 0.6583333328125 0.60055555625 0.659313725 0.6020098046875 0.35267156875
1 0.5932189546875 0.35323529374999996 0.5771241828125 0.35789215625000004 0.5757189546875 0.6505392156250001 0.5916666671875 0.6583333328125 0.5932189546875 0.35323529374999996
1 0.4386764703125 0.599803921875 0.5203758171875 0.633602940625 0.5222646625 0.61268993125 0.5206535953125 0.633186275 0.5757189546875 0.6505392156250001 0.5771241828125 0.35789215625000004 0.4390522875 0.40514705937500006 0.4386764703125 0.599803921875
1 0.5277196562500001 0.542895275 0.5294117640625 0.4290441171875 0.4701143796875 0.4379411765625 0.46785947656250004 0.5378921562500001 0.5277196562500001 0.542895275
1 0.4386764703125 0.599803921875 0.4390522875 0.40514705937500006 0.1933496734375 0.3503431375 0.189722221875 0.6433088234375 0.22473856250000002 0.6404411765625 0.224542484375 0.5085294124999999 0.22187439062499997 0.507930090625 0.22449346406249998 0.5084068625 0.222777778125 0.38335784375 0.4035620921875 0.41367647031250004 0.404852940625 0.603725490625 0.4386764703125 0.599803921875