1 0.8135457515625 0.36185314687500003 0.8276633984374999 0.3554545453125 0.825 0.215034965625 0.617483659375 0.22185314687500002 0.6185620921874999 0.333496503125 0.8122712421875 0.32342657343750003 0.8135457515625 0.36185314687500003
1 0.29771241875 0.495384615625 0.286486928125 0.498496503125 0.265016340625 0.6979370625 0.288431371875 0.7041958046875 0.301617646875 0.5433916078125 0.29771241875 0.495384615625
1 0.3133660125 0.40251748281250005 0.3019934640625 0.33118881093749997 0.286699346875 0.338741259375 0.29866013125 0.47384615312499995 0.306699346875 0.47258741249999997 0.3133660125 0.40251748281250005
1 0.3299509796875 0.5550699296875 0.3124509796875 0.5508391609375 0.311895425 0.588916084375 0.330800653125 0.588916084375 0.3299509796875 0.5550699296875
1 0.20555555625 0 0.19960784375 1 0.1998366015625 1 0.24060457500000001 0.9875524468749999 0.2370098046875 0.7449650343750001 0.244934640625 0.089860140625 0.2448202609375 0.000139859375 0.2428758171875 0 0.20555555625 0
1 0.20555555625 0 0.1908986921875 0.00146853125 0.184313725 0.9506992999999999 0.19960784375 1 0.20555555625 0
1 0.1502450984375 0.2570979015625 0.182483659375 0.26559440625 0.18099673125 0.7189510484375 0.18573529375 0.738496503125 0.19016339843750002 0.05667832187500001 0.137647059375 0.0276923078125 0.1405882359375 0.08440559375 0.145326796875 0.14094405625 0.1502450984375 0.2570979015625
1 0.12142156875000001 0.13874125937499998 0.11655228749999999 0.058321678125 0.11606209218750001 0.009265734375 0.0999673203125 0.009265734375 0.10289215625 0.1951048953125 0.12142156875000001 0.1627272734375 0.12142156875000001 0.13874125937499998
1 0.13328431406250002 0.026223776562500002 0.12176470625 0.018671328125 0.1292973859375 0.1531118875 0.13988562031250001 0.140559440625 0.13328431406250002 0.026223776562500002
1 0.0872712421875 0 0.08120915 0.00034965 0.074673203125 0.7650349656250001 0.0950980390625 0.765384615625 0.0983660125 0.3877622375 0.0999673203125 0.009265734375 0.09954248437499999 0 0.0872712421875 0
1 0.3175490203125 0.6468531468750001 0.31707516406249997 0.6765384609375 0.3373202609375 0.6468531468750001 0.3175490203125 0.6468531468750001
1 0.3530718953125 0.6880769234375 0.34718954218750003 0.644265734375 0.32460784375 0.6845454546874999 0.3530718953125 0.6880769234375
1 0.33862745156249996 0.60335664375 0.31607843125 0.6083916078125 0.315686275 0.639860140625 0.3433333328125 0.6373426578125 0.33862745156249996 0.60335664375
1 0 0 0 0.7673426578125 0.061781045312500005 0.7497552453125 0.06429738593749999 0.00318181875 0.0403594765625 0 0 0
1 0.583039215625 0.36276223750000003 0.6035294125 0.382447553125 0.598774509375 0.2375874125 0.570277778125 0.1791258734375 0.5729411765625 0.149265734375 0.5616666671874999 0.1371678328125 0.5631535953125 0.7350349656249999 0.5822058828125 0.7229020984375001 0.583039215625 0.36276223750000003
1 0.08120915 0.00034965 0.06429738593749999 0.00318181875 0.061781045312500005 0.7497552453125 0.074673203125 0.7650349656250001 0.08120915 0.00034965
1 0.496405228125 0.29370629375 0.49689542500000006 0.260139859375 0.49967320312499997 0.25699300625 0.505065359375 0.2573426578125 0.508986928125 0.2790209796875 0.50866013125 0.29230769218749997 0.52581699375 0.284965034375 0.5232026140625 0.133916084375 0.47222222187499996 0.06013985937500001 0.46960784375 0.5447552453125 0.48676470624999996 0.365734265625 0.496405228125 0.29370629375
1 0.2370098046875 0.7449650343750001 0.25156862812499997 0.7471328671874999 0.28444444375 0.428846153125 0.28918300625 0.41363636406250004 0.2732679734375 0.3208391609375 0.3061274515625 0.3070629375 0.3386928109375 0.5410139859374999 0.3408496734375 0.419790209375 0.339673203125 0.1634265734375 0.3315359484375 0.147552446875 0.2610620921875 0.09388111875 0.244934640625 0.089860140625 0.2370098046875 0.7449650343750001
1 0.36444444374999996 0.7353146859375 0.39418300624999997 0.7269930062500001 0.40547385625 0.7233566437500001 0.4051633984375 0.3011888109375 0.4571405234375 0.27391608437500004 0.45805555625 0.6884265734375 0.47029411718749997 0.548916084375 0.47222222187499996 0.06013985937500001 0.339673203125 0.1634265734375 0.3408496734375 0.419790209375 0.3386928109375 0.5410139859374999 0.36444444374999996 0.7353146859375
1 0.8645588234374999 0.47972027968750003 0.8662581703125 0.294860140625 0.8659803921875 0.29545454531250004 0.8421405234374999 0.28965035 0.8434967312499999 0.3650699296875 0.8425490203124999 0.48335664375 0.8645588234374999 0.47972027968750003
1 0.8840359484375 0 0.825 0.215034965625 0.8276633984374999 0.3554545453125 0.8434967312499999 0.3650699296875 0.8421405234374999 0.28965035 0.8672222218750001 0.223671328125 0.8628104578125001 0.5789510484375 0.8570588234375001 0.61664335625 0.8543464046875 0.68335664375 0.8570588234375001 0.7819580421875 0.8648529406250001 0.7739860140625 0.87366013125 0.7036363640625 0.8899183 0.6101048953125 0.9058496734375 0.5354195796875 0.9214379078125001 0.3106643359375 0.9288888890625 0.3106643359375 0.9190522874999999 0.494825175 0.964117646875 0.5956293703125 0.9600490203125001 0.515139859375 0.9800490203125 0.5122377625000001 0.9830882359374999 0.633321678125 1 0.646328671875 1 0 0.8840359484375 0
0 0.19960784375 1 0.139934640625 0.9086363640625 0.15870915000000002 0.8986013984375001 0.127434640625 0.84335664375 0.15011437968750002 0.8366783218749999 0.18452614375 0.8684615390625 0.18573529375 0.738496503125 0.18099673125 0.7189510484375 0.171225490625 0.7429370625 0.171225490625 0.7211888109375 0.1571405234375 0.7161888109375 0.1571405234375 0.7295454546875 0.1446405234375 0.739615384375 0.1446405234375 0.7663636359375 0.1360294125 0.7730769234375 0.12429738593749999 0.7730769234375 0.11960784375 0.7630419578125001 0.1172549015625 0.7680419578125 0.1117810453125 0.7831118874999999 0.0950980390625 0.765384615625 0.074673203125 0.7650349656250001 0.061781045312500005 0.7497552453125 0 0.7673426578125 0 1 0.19960784375 1
0 0.9058006531249999 1 0.886830065625 0.973916084375 0.8766666671875001 0.8667832171875001 0.8719771234374999 0.8282867140624999 0.8570588234375001 0.7819580421875 0.84694444375 0.75465035 0.8383496734375001 0.756328671875 0.7796895421875 0.75800699375 0.78047385625 0.7379370625 0.7742156859375 0.7245454546875 0.7421405234375 0.7362587406250001 0.7413725484375 0.7211888109375 0.620931371875 0.7211888109375 0.622483659375 0.7429370625 0.6232679734375 0.7663636359375 0.6013725484375 0.7914685312499999 0.603725490625 0.829965034375 0.603725490625 0.87681818125 0.5958986921875 0.9103146859375 0.504395425 0.9103146859375 0.4942320265625 0.829965034375 0.4848366015625 0.8667832171875001 0.47936274531249995 0.8935664328125 0.47857843125 0.9052797203124999 0.4832843140625 0.9454545453125001 0.47781045781250003 0.9839510484374999 0.3651797390625 0.96888111875 0.35892156875 0.9320629374999999 0.3620588234375 0.9019230765625 0.3651797390625 0.841678321875 0.3659640515625 0.8199300703124999 0.361274509375 0.79818181875 0.3620588234375 0.7797552453125001 0.3659640515625 0.7596853140625 0.36444444374999996 0.7353146859375 0.3530718953125 0.6880769234375 0.32460784375 0.6845454546874999 0.3245098046875 0.7312237765625 0.31513071875 0.7312237765625 0.2955718953125 0.7345804203124999 0.29323529375 0.756328671875 0.28540849687500003 0.756328671875 0.28540849687500003 0.7379370625 0.25725490156249997 0.7446153843750001 0.25156862812499997 0.7471328671874999 0.25099673125 0.747972028125 0.2370098046875 0.7449650343750001 0.24060457500000001 0.9875524468749999 0.19960784375 1 0.2072058828125 0.9989860140625 0.3465359484375 1 0.9058006531249999 1