1 0 0.6804166671874999 0.092091503125 0.6894117640624999 0.1512418296875 0.69085784375 0.148513071875 0.2862990203125 0 0.3060294125 0.001405228125 0.30882352968750004 0 0.50710784375 0 0.6804166671874999
0 0.8101797390625001 1 0.7838071890625 0.889289215625 0.75081699375 0.7245588234375 0.745196078125 0.6962990203125 0.739983659375 0.6875490203125 0.7404738562500001 0.632475490625 0.6988235296875 0.632475490625 0.6993790843750001 0.5464950984375 0.66892156875 0.550318628125 0.6701797390625 0.53698529375 0.6524183 0.5407843140625 0.6029248359375 0.5864705875 0.602826796875 0.6229411765624999 0.5730882359375 0.6254901953124999 0.5617320265625 0.6358088234375 0.5511928109374999 0.6504166671875 0.5199673203125 0.67960784375 0.49766339843749996 0.7033333328125 0.2133496734375 1 0.8101797390625001 1
0 0.1527450984375 1 0.151143790625 0.7594607843750001 0.0392156859375 0.7475735296875 0.11148692812500001 0.6986519609374999 0.092091503125 0.6894117640624999 0.06565359531250001 0.699975490625 0 0.7297549015625 0 1 0.1527450984375 1
1 0.18828431406249999 1 0.180196078125 0.2745588234375 0.148513071875 0.2862990203125 0.1527450984375 1 0.18828431406249999 1
1 0.8250816999999999 0 0.8220588234375 0.026568628125 0.8201797390625 0.039975490625 0.8107679734375 0.0449019609375 0.8067647062500001 0.0209068625 0.7596405234375 0.22073529375 0.7583496734375 0.2432843140625 0.7544281046875 0.25014705937500004 0.74039215625 0.2984068625 0.7405882359375 0.35811274531250004 0.7404738562500001 0.632475490625 0.739983659375 0.6875490203125 0.745196078125 0.6962990203125 0.743986928125 0.40752450937500007 0.752483659375 0.394289215625 0.75081699375 0.7245588234375 0.7827193640625 0.8838573671875001 0.78129085 0.892475490625 0.8101797390625001 1 0.8554248359375001 1 0.8560784312499999 0.2113235296875 0.98513071875 0.00107843125 0.9859150328125 0 0.8250816999999999 0
1 0.8185193421875001 0.6676839609375 0.8293464046875 0.26585784375 0.774803921875 0.35583333281249996 0.7752287578125 0.6081372546875 0.8185193421875001 0.6676839609375
1 0.5730882359375 0.6254901953124999 0.602826796875 0.6229411765624999 0.6051797390625 0.4372794125 0.7 0.43340686249999993 0.6988235296875 0.632475490625 0.7404738562500001 0.632475490625 0.73952614375 0.357867646875 0.6950490203124999 0.357867646875 0.694117646875 0.3956372546875 0.5747058828125 0.39377450937499997 0.574591503125 0.43551470625000005 0.5742973859375 0.4351225484375 0.5730882359375 0.6254901953124999
1 0 0.3060294125 0.148513071875 0.2862990203125 0.15952614375000002 0.2795343140625 0 0.21899509843749998 0 0.3060294125
1 0 0 0 0.1938480390625 0.180196078125 0.2745588234375 0.18828431406249999 1 0.2133496734375 1 0.49766339843749996 0.7033333328125 0.49848039218749995 0.40350490156249996 0.5211928109375 0.41139705937500004 0.5199673203125 0.67960784375 0.5511928109374999 0.6504166671875 0.5503758171875 0.427818628125 0.5649673203125001 0.43269607812500005 0.5617320265625 0.6358088234375 0.5730882359375 0.6254901953124999 0.5742973859375 0.4351225484375 0.5747058828125 0.39377450937499997 0.5706535953125 0.360931371875 0.5386274515625 0.36031862812500004 0.5369934640625 0.3566666671875 0.5682189546874999 0.35544117656249996 0.5495751640625001 0.339632353125 0.5203758171875 0.338431371875 0.5195588234375 0.3329411765625 0.5438888890625 0.3329411765625 0.5418627453125 0.323210784375 0.5126633984375 0.3000980390625 0.4599673203125 0.30254902031249997 0.4571241828125 0.2891666671875 0.5053758171875 0.2879411765625 0.4899673203125 0.2745588234375 0.4806372546875 0.27517156875 0.4709150328125 0.2715196078125 0.4705065359375 0.2508333328125 0.4384803921875 0.218602940625 0.3650817 0.22590686249999997 0.3642810453125 0.21071078437500002 0.42915032656249996 0.2058333328125 0.296568628125 0.07203431406250001 0.298594771875 0.10245097968750001 0.302647059375 0.19732843125 0.304673203125 0.22774509843750002 0.306699346875 0.2995098046875 0.3119771234375 0.3420588234375 0.3967156859375 0.3657843140625 0.3991503265625 0.38767156875 0.3821241828125 0.38647058749999996 0.38374182968750004 0.6041911765625 0.23859477187499997 0.654681371875 0.23939542500000002 0.368210784375 0.230882353125 0.338431371875 0.21588235312499998 0.3031372546875 0.288856209375 0.33539215625 0.2904901953125 0.3134803921875 0.2904901953125 0.288553921875 0.2904901953125 0.22713235312500002 0.29292483593749996 0.095147059375 0.2925119234375 0.09444632343750001 0.2908986921875 0.062303921875 0.26616013125000004 0.04164215625 0.253186275 0.0422303921875 0.257647059375 0.0513725484375 0.25521241875 0.093946078125 0.23331699375 0.080563725 0.2341339875 0.0477205875 0.17250000000000001 0.0647549015625 0.1603431375 0.05926470625 0.15668300625 0.044068628124999995 0.24547385625 0.01914215625 0.2284477125 0.0002696078125 0.2102287578125 0 0 0
1 0.7915849671874999 0.36512254843749997 0.776013071875 0.3579901953125 0.7752287578125 0.6081372546875 0.7914542484375 0.6080637249999999 0.7915849671874999 0.36512254843749997
1 1 0.0619117640625 0.8962254906249999 0.20914215625 0.8897712421874999 1 0.9340686281249999 1 0.9364705875 0.801813725 0.9465686281249999 0.6865441171875 0.942434640625 0.2267156859375 1 0.2222549015625 1 0.0619117640625