1 0.5714052281249999 0.318229665625 0.5397058828125 0.3028708140625 0.5372385625 0.6353110046875 0.5728104578125001 0.6238516749999999 0.5714052281249999 0.318229665625
1 0.37609477187499996 0.34643540625 0.3582026140625 0.35799043125 0.358774509375 0.6021052625000001 0.3808986921875 0.60770335 0.37609477187499996 0.34643540625
1 0.42888888906249995 0.3621291859375 0.37609477187499996 0.34643540625 0.37666666718749997 0.3869377984375 0.43001634062500005 0.39811004843750003 0.42888888906249995 0.3621291859375
1 0.6017810453125 0.6178947375 0.6104248359375 0.5764114828125 0.622565359375 0.57143540625 0.6228431375000001 0.5437320578125 0.6078758171875001 0.5346411484375 0.599117646875 0.5371291859375 0.5984803921874999 0.48279904374999993 0.6100490203125 0.47868421093749997 0.611748365625 0.453038278125 0.6185294125 0.45138755937499997 0.6173856203125 0.40509569375 0.611748365625 0.4013636359375 0.611748365625 0.3364593296875 0.6029901953125 0.3265550234375 0.5747549015625 0.317440190625 0.5714052281249999 0.318229665625 0.5728104578125001 0.6238516749999999 0.6017810453125 0.6178947375
1 0.6170915031249999 0.3994258375 0.6278758171875001 0.3972727265625 0.625751634375 0.331961721875 0.612516340625 0.33722487968750003 0.611748365625 0.3364593296875 0.611748365625 0.4013636359375 0.6170915031249999 0.3994258375
1 0.7826797390625 0.6064593296874999 0.7931372546875 0.6081100484374999 0.8041339875 0.6081100484374999 0.8078104578125 0.606866028125 0.8185457515625 0.60356459375 0.8320915031249999 0.606866028125 0.841405228125 0.613899521875 0.841405228125 0.6217464109375 0.8405718953125 0.6312679421875 0.8532679734374999 0.6358133968749999 0.8891339875 0.6449043062500001 0.885457515625 0.2005023921875 0.7596895421875 0.258038278125 0.76305555625 0.599617225 0.7742156859375 0.6060526312500001 0.7826797390625 0.6064593296874999
1 0.9181372546875 0.1811722484375 0.8883333328124999 0.1955502390625 0.8899836593750001 0.64662679375 0.9175980390625 0.6552631578125 0.9181372546875 0.1811722484375
1 0.3582026140625 0.35799043125 0.3391503265625 0.3545454546875 0.33900326875000003 0.6095933015624999 0.358774509375 0.6021052625000001 0.3582026140625 0.35799043125
0 1 0.985382775 0.9616013078125001 0.9485645937499999 0.918186275 0.9014114828125 0.9175980390625 0.6552631578125 0.8899836593750001 0.64662679375 0.8532679734374999 0.6358133968749999 0.8547875812499999 0.6469856453125 0.8528431375000001 0.653803828125 0.8454738562499999 0.6560765546875 0.8342156859375001 0.653803828125 0.8167647062500001 0.653803828125 0.8078267968749999 0.654377990625 0.789199346875 0.6521052625 0.7717483656249999 0.6458373203125001 0.7604901953125001 0.642440190625 0.7536274515625 0.640909090625 0.69133986875 0.768899521875 0.682516340625 0.7964114828125 0.624460784375 0.7592583734375 0.5288235296875 0.7142583734375 0.444068628125 0.6894976078124999 0.435457515625 0.6902631578125 0.42792483593749997 0.6901674640625 0.4271405234375 0.5884689 0.3808986921875 0.60770335 0.3805718953125 0.610047846875 0.358774509375 0.6021052625000001 0.33900326875000003 0.6095933015624999 0.33944444375 0.611196171875 0.3374673203125 0.741578946875 0.17509803906250002 0.8165311000000001 0.18174836562500002 0.8650717703125 0.1931535953125 0.9134449765625 0.19212418281250002 1 1 1 1 0.985382775
1 0.6437581703124999 0 0.44807189531249997 0.1971770328125 0.4503104578125 0.3438277515625 0.444068628125 0.6894976078124999 0.5288235296875 0.7142583734375 0.525408496875 0.293516746875 0.6342156859375 0.2320813390625 0.624460784375 0.7592583734375 0.682516340625 0.7964114828125 0.6874019609375 0.20208133906249998 0.92013071875 0.0692105265625 0.918186275 0.9014114828125 0.9616013078125001 0.9485645937499999 0.9677614374999999 0 0.6437581703124999 0
1 0 0 0 0.9658373203125 0.18174836562500002 0.8650717703125 0.17509803906250002 0.8165311000000001 0.3374673203125 0.741578946875 0.33398692812499997 0.29031100468750004 0.43732026093750004 0.331004784375 0.435457515625 0.6902631578125 0.444068628125 0.6894976078124999 0.4503104578125 0.3438277515625 0.44807189531249997 0.1971770328125 0.18331699375 0 0 0
1 0.7536274515625 0.640909090625 0.7503431375 0.606148325 0.76305555625 0.599617225 0.7596895421875 0.258038278125 0.7458660125 0.1913636359375 0.7365196078125 0.1937320578125 0.68650326875 0.21933014375 0.682516340625 0.7964114828125 0.69133986875 0.768899521875 0.7536274515625 0.640909090625