0 0.9267228265625 1 0.7532907609375 0.6779662046875 0.7524225546875 0.6266347718749999 0.6449850546875 0.6155883546875 0.6062948375 1 0.9267228265625 1
0 0.3803301625 1 0.3828913046875 0.9664271171875001 0.3665108703125 0.9566103421875001 0.3665108703125 0.7985423453125 0.3658546203125 0.79166938125 0.3717527171875 0.7847964171874999 0.3717527171875 0.7769421828125 0.3665108703125 0.7749796421874999 0.3665108703125 0.763198290625 0.3802703796875 0.7523982078125 0.3468532609375 0.7415981265625 0.349474184375 0.8437031765624999 0.3455421203125 0.8437031765624999 0.3429211953125 0.7406168562500001 0.2033573375 0.6993811078125 0.20073641250000002 0.7828338765625 0.1968043484375 0.7828338765625 0.2000801625 0.6983998375 0.19025135937499998 0.6944727203125 0.1895964671875 0.690545603125 0.190907609375 0.68759975625 0.1968043484375 0.68269136875 0.1923097828125 0.6805659609375 0.07744972812499999 0.7232593640625 0.0775516296875 0.742579396875 0.07361956562500001 0.7435627031250001 0.073938859375 0.7242996749999999 0 0.7512907171875 0 1 0.3803301625 1
1 0.3316834234375 0.37698900625 0.41408831562500004 0.40862377812500006 0.5012703796875 0.3207410421875 0.42974048906249995 0.230743078125 0.3564203640625 0.1398525484375 0.3428586953125 0.27817793125 0.3316834234375 0.37698900625
1 0 0.7512907171875 0.073938859375 0.7242996749999999 0.07396739062499999 0.6856229640625 0 0.7077728015625 0 0.7512907171875
1 0 0 0 0.705686075 0.073911684375 0.6835240234375 0.0736847828125 0.657819625 0.045654890625 0.6514800484375 0.0457459234375 0.591276465625 0.0450176625 0.590118078125 0.0450176625 0.5865716609375 0.25178124999999996 0.5599144953125 0.2517786671875 0.559908403125 0.29127717343750004 0.5543912859375 0.31507472812500004 0.55691368125 0.31521195625 0.5624368890625 0.3153478265625 0.5914128671875 0.33213858749999997 0.5859588765625 0.3316834234375 0.574096090625 0.41277173906250003 0.5568607484375 0.41408831562500004 0.40862377812500006 0.3316834234375 0.37698900625 0.18052445625 0.14067793125 0.1333831515625 0.06868078125 0.051554348437499994 0 0 0
1 0.2391345109375 0 0.1333831515625 0.06868078125 0.3316834234375 0.37698900625 0.3428586953125 0.27817793125 0.35628804375 0.1396885171875 0.4205394015625 0.19374389218750002 0.6185597828125 0.36221905468750004 0.6438383156249999 0.35906351718749996 0.6441019015625 0.5397699515625 0.7525910328125 0.543322475 0.7525910328125 0.50426099375 0.7525910328125 0.45691368125 0.55378125 0.221756921875 0.3716290765625 0 0.2391345109375 0
1 0.1757105984375 0.6508021171875 0.1763709234375 0.6497007328125 0.1766657609375 0.6477198703125 0.1773274453125 0.6457369703125 0.177474184375 0.6427646578124999 0.177474184375 0.6415533390625 0.1779144015625 0.640232084375 0.1787228265625 0.6375895765624999 0.17989945624999998 0.6357166125 0.18041304375 0.6331840390625 0.181001359375 0.6309812703125 0.182911684375 0.6291103421875001 0.0770733703125 0.6560118078125 0.0773152171875 0.6825040718750001 0.1751222828125 0.6524531765625 0.1757105984375 0.6508021171875
1 0.1923097828125 0.6792976390625001 0.1919904890625 0.67866653125 0.188605978125 0.6769197874999999 0.186807065625 0.6750142515625 0.18596059843749999 0.6723188109375 0.1847948375 0.6704214171875 0.18511412968750002 0.66724755625 0.1855353265625 0.6605883546875 0.1840543484375 0.661856678125 0.18384239062500002 0.6605883546875 0.1832092390625 0.6596396578125 0.1817282609375 0.6583713359375001 0.17897690156249998 0.658051709375 0.1764334234375 0.6572618078125 0.17453260937499998 0.655197475 0.07728804375000001 0.684362784375 0.07744972812499999 0.7232593640625 0.1923097828125 0.6805659609375 0.1923097828125 0.6792976390625001
1 0.4342459234375 0.57550285 0.4342459234375 0.49717223125 0.43541032656249995 0.483692996875 0.43869021718749995 0.4668851796875 0.44366440156250003 0.44785830625 0.4494850546875 0.43326954375 0.45805570624999997 0.4182064328125 0.47064945625 0.4021925890625 0.48313722812500004 0.39299470625 0.49625815156249997 0.3874450328125 0.5094864125 0.3858591203125 0.52144429375 0.387762621875 0.5357309781249999 0.3936298859375 0.5470543484375 0.4020337953125 0.5579538046875 0.41376628593750003 0.5689605984375 0.43120928281250004 0.5752038046875 0.4464311890625 0.580282609375 0.46862988593750005 0.5841983703125 0.5025631109375001 0.5846222828125 0.5293607484375 0.5833519015624999 0.5585362375 0.5931385875 0.5524083875 0.593550271875 0.37801099374999997 0.5012703796875 0.3207410421875 0.41408831562500004 0.40862377812500006 0.41277173906250003 0.5568607484375 0.41784375 0.558059853125 0.4187961953125 0.5599633546875 0.4182663046875 0.5739169375000001 0.4342459234375 0.57550285
1 0.5941576093750001 0.3416327359375 0.593550271875 0.37801099374999997 0.5931385875 0.5524083875 0.620720109375 0.5359690546875 0.6431222953125 0.5364220046875 0.6438383156249999 0.35906351718749996 0.6185597828125 0.36221905468750004 0.600407609375 0.3466408796875 0.5941576093750001 0.3416327359375
1 0.5941576093750001 0.361726384375 0.594619565625 0.3416327359375 0.4205394015625 0.19374389218750002 0.35657337031249997 0.1382919375 0.5012703796875 0.3207410421875 0.593550271875 0.37801099374999997 0.5941576093750001 0.361726384375