1 0.9681862750000001 0.628210784375 0.9531535953124999 0.6291911765625 0.9551143796874999 0.649289215625 0.9688398687499999 0.649289215625 0.9681862750000001 0.628210784375
1 0.96426470625 0.5791911765625 0.9480882359375 0.5799264703125 0.949722221875 0.6012500000000001 0.9663888890625 0.60051470625 0.96426470625 0.5791911765625
1 0.9608333328124999 0.554436275 0.9454738562499999 0.554681371875 0.9471078437499999 0.5760049015625001 0.9637745093750001 0.5757598046875 0.9608333328124999 0.554436275
1 0.9577287578125 0.53164215625 0.9426960781249999 0.5318872546875 0.9441666671875 0.5514950984375 0.9601797390625 0.5507598046875 0.9577287578125 0.53164215625
1 0.954248365625 0.5073529406249999 0.939542484375 0.5080882359375 0.9413398687500001 0.528186275 0.95702614375 0.5272058828125 0.954248365625 0.5073529406249999
1 0.8897058828125 0.6509803921875 0.8896895421875 0.651397059375 0.8891013078125001 0.6849019609375 0.9001633984374999 0.684068628125 0.8993464046874999 0.6615196078125 0.9163398687500001 0.661274509375 0.9202614375 0.68210784375 0.956699346875 0.6781862750000001 0.9320261437499999 0.48357843125000005 0.9372549015624999 0.48235294062499995 0.9392156859374999 0.502696078125 0.954248365625 0.5022058828125 0.9509803921875 0.48137254843750005 0.954248365625 0.481617646875 0.9668300656250001 0.5833333328125 0.9655228765625001 0.4799019609375 0.9696078437500001 0.4799019609375 0.9687908500000001 0.43284313750000003 0.890686275 0.4338725484375 0.8892156859375 0.467524509375 0.889722221875 0.607303921875 0.8897058828125 0.6509803921875
1 0.80870915 0.6183088234375 0.8072549015625 0.4697303921875 0.8887418296874999 0.4697303921875 0.889722221875 0.607303921875 0.8892156859375 0.467524509375 0.890686275 0.4338725484375 0.828431371875 0.42678921562500005 0.7559803921875 0.45284313750000005 0.7255228765624999 0.459313725 0.7144934640625 0.46147058750000003 0.7144117640625 0.6954411765625 0.8891013078125001 0.6849019609375 0.8887537406250001 0.651914634375 0.8896895421875 0.651397059375 0.8891013078125001 0.6072549015625001 0.80870915 0.6183088234375
1 0.97081699375 0.7309803921875 0.9905882359374999 0.7323774515625 0.9902287578125 0.7313725484375 0.985686275 0.291568628125 0.9417810453125 0.3147058828125 0.725882353125 0.42083333281249996 0.7255228765624999 0.459313725 0.9688235296875 0.36193627500000003 0.97081699375 0.7309803921875
0 0.7934967312500001 1 0.7843464046874999 0.82823529375 0.76323529375 0.807132353125 0.7145098046875 0.7602941171875 0.714117646875 0.7702941171875 0.6787581703125001 0.7707352937499999 0.660539215625 0.751936275 0.6584477125 0.626397059375 0.6491339875000001 0.6975490203125 0.6200490203125 0.6945833328125001 0.5310457515625 0.698063725 0.5260294125 0.7047549015625 0.5007679734375 0.703186275 0.4543627453125 0.7105882359375 0.46068627500000003 0.722696078125 0.4583496734375 0.7402941171874999 0.45599673125000006 0.7473284312499999 0.4419281046875 0.7578676468750001 0.4325490203125 0.7508333328125001 0.423169934375 0.73676470625 0.423169934375 0.7191911765625 0.3856372546875 0.726225490625 0.3762581703125 0.7051225484375 0.337091503125 0.7051225484375 0.331617646875 0.7051225484375 0.27776143750000004 0.7086274515625 0.2289542484375 0.7122303921875 0.15808823593750002 0.714436275 0.10870915 0.7425735296875 0.09843137187499999 0.7453186281249999 0.055065359375 0.7707352937499999 0.057303921875 0.768431371875 0 0.804975490625 0 1 0.7934967312500001 1
0 0.8476143796875 0.7510784312500001 0.8307189546875 0.735539215625 0.812173203125 0.71017156875 0.8208986921875001 0.7093627453125 0.865620915625 0.74698529375 0.97081699375 0.7309803921875 0.9688398687499999 0.6757598046875 0.9577287578125 0.6752696078125 0.956699346875 0.6781862750000001 0.9202614375 0.68210784375 0.9001633984374999 0.684068628125 0.90107843125 0.686446078125 0.8891013078125001 0.6849019609375 0.7144117640625 0.6954411765625 0.714313725 0.7458823531250001 0.758169934375 0.774803921875 0.7734477125 0.7633578437499999 0.8476143796875 0.7510784312500001
1 0.331617646875 0.7051225484375 0.337091503125 0.7051225484375 0.337826796875 0.6829166671875 0.3429411765625 0.6711274515625 0.3522549015625 0.670318628125 0.362303921875 0.670318628125 0.3701633984375 0.6747058828125 0.3860457515625 0.6747058828125 0.39263071875 0.6727696078125 0.39883986875 0.6716911765625 0.4044934640625 0.6711274515625 0.41491829999999996 0.6700490203125 0.427516340625 0.6667647062500001 0.4439542484375 0.6585294125 0.45802287656249996 0.6610049015625 0.4660620921875 0.684289215625 0.46496732031250004 0.6958088234375001 0.4543627453125 0.7105882359375 0.5007679734375 0.703186275 0.501143790625 0.4578431375 0.2315196078125 0.44563725468750004 0.23078431406250002 0.468382353125 0.3352614375 0.4711274515625 0.331617646875 0.7051225484375
1 0.15808823593750002 0.714436275 0.16501634062499998 0.48235294062499995 0.1655718953125 0.4464705875 0.157173203125 0.43340686249999993 0.11387254843750001 0.36705882343749996 0.10870915 0.7425735296875 0.15808823593750002 0.714436275
1 0 0.804975490625 0.055065359375 0.7707352937499999 0.05879084999999999 0.33517156875 0.10418300625000002 0.3915931375 0.09843137187499999 0.7453186281249999 0.10870915 0.7425735296875 0.1140196078125 0.3672058828125 0.11387254843750001 0.36705882343749996 0.11434640468749999 0.33875 0 0.1638480390625 0 0.804975490625
1 0.5007679734375 0.703186275 0.5260294125 0.7047549015625 0.525457515625 0.47181372499999996 0.5008986921874999 0.46419117656250003 0.5007679734375 0.703186275
1 0.6491339875000001 0.6975490203125 0.6584477125 0.626397059375 0.6575980390625 0.434117646875 0.5740196078124999 0.43031862812500005 0.525457515625 0.47181372499999996 0.6214542484375001 0.4764705875 0.6200490203125 0.6945833328125001 0.6491339875000001 0.6975490203125
1 0.910196078125 0 0.5001633984375 0.43284313750000003 0.501143790625 0.4578431375 0.5008986921874999 0.46419117656250003 0.65047385625 0.3384558828125 0.65849673125 0.34039215624999997 0.6575980390625 0.434117646875 0.6584477125 0.626397059375 0.660539215625 0.751936275 0.6787581703125001 0.7707352937499999 0.6836764703125 0.3106127453125 0.9845588234375 0.055049020312499995 0.9902287578125 0.7313725484375 1 0.7318382359375 1 0 0.910196078125 0
1 0.7145098046875 0.7602941171875 0.684313725 0.7329411765625 0.68607843125 0.725882353125 0.714313725 0.7458823531250001 0.714313725 0.3138235296875 0.6836764703125 0.3106127453125 0.6787581703125001 0.7707352937499999 0.714117646875 0.7702941171875 0.7145098046875 0.7602941171875
1 0.9688398687499999 0.6539460781249999 0.956748365625 0.6527205875 0.9577287578125 0.6752696078125 0.9688398687499999 0.6757598046875 0.9688398687499999 0.6539460781249999
1 0.9672058828125 0.6037009796875 0.9511928109375001 0.6041911765625 0.9525 0.6257598046874999 0.9688398687499999 0.6245343140624999 0.9672058828125 0.6037009796875
1 0.2289542484375 0.7122303921875 0.2289542484375 0.614975490625 0.21215686250000002 0.613039215625 0.21452614374999998 0.45083333281250004 0.1655718953125 0.4464705875 0.16501634062499998 0.48235294062499995 0.15808823593750002 0.714436275 0.2289542484375 0.7122303921875