1 0.3771241828125 0.381617646875 0.34199346406250003 0.4002450984375 0.3413888890625 0.4107598046875 0.33926470625 0.45664215625000004 0.383169934375 0.4377450984375 0.437091503125 0.496568628125 0.440686275 0.34681372499999996 0.37710988125 0.3820252671875 0.3771241828125 0.381617646875
1 0.3764773859375 0.4005101890625 0.3771241828125 0.42573529375 0.40212418281250006 0.4296568625 0.403431371875 0.4036764703125 0.3764773859375 0.4005101890625
1 0.3300817 0.4693627453125 0.33926470625 0.45664215625000004 0.3413888890625 0.4107598046875 0.31926470625 0.4072303921875 0.3052614375 0.7235294125 0.3213071890625 0.7145833328125 0.3300817 0.4693627453125
1 0.47375817031249995 0.7415196078124999 0.48857843125 0.7376225484375001 0.49053921562499997 0.3187990203125 0.46455882343750005 0.30142156875000004 0.4596405234375 0.7739705875 0.47728758125 0.763039215625 0.47375817031249995 0.7415196078124999
1 0.4375490203125 0.515563725 0.3802287578125 0.451053921875 0.3300817 0.4693627453125 0.3213071890625 0.7145833328125 0.4337581703125 0.7587009796874999 0.4375490203125 0.515563725
1 0.57297385625 0.5229411765624999 0.543169934375 0.521960784375 0.537908496875 0.5304901953125001 0.5714379078125 0.5637009796875 0.57297385625 0.5229411765624999
1 0.6154411765625001 0.69198529375 0.9287581703125 0.734803921875 0.9412581703124999 0.6375 0.8344771234374999 0.6343137249999999 0.8190196078125 0.4052205875 0.7513235296875 0.41887254843750005 0.7635620921874999 0.628186275 0.678120915625 0.6254656859375001 0.6746895421875 0.433186275 0.629248365625 0.47573529375 0.6322875812500001 0.6235294125 0.6134150328125 0.620196078125 0.6154411765625001 0.69198529375
1 0.976143790625 0.3654166671875 0.9426143796875 0.3765931375 0.954460784375 0.5168627453125 0.998169934375 0.505686275 0.976143790625 0.3654166671875
1 0.6134150328125 0.620196078125 0.538986928125 0.5477450984375001 0.4888071890625 0.5015441171874999 0.48795751562499995 0.58073529375 0.613856209375 0.7388480390625001 0.6154411765625001 0.69198529375 0.6134150328125 0.620196078125
1 0 0.7871568625 0.0672549015625 0.773186275 0.11200980468749999 0.321960784375 0 0.28642156875 0 0.7871568625
1 0.4897712421875 0.48357843125000005 0.5324673203125 0.5222058828125 0.5459803921875 0.5099509796875 0.5359477125 0.40857843125000004 0.48986928125 0.446568628125 0.4897712421875 0.48357843125000005
1 0.5459803921875 0.5099509796875 0.621879084375 0.41441176406249997 0.563594771875 0.3722303921875 0.5359477125 0.40857843125000004 0.5459803921875 0.5099509796875
1 0.48986928125 0.446568628125 0.5359477125 0.40857843125000004 0.5349673203124999 0.35490196093750004 0.48986928125 0.326960784375 0.48986928125 0.446568628125
1 0.46455882343750005 0.30142156875000004 0.44076797343749996 0.325318628125 0.43284313750000003 0.7980882359375 0.4596405234375 0.7739705875 0.46455882343750005 0.30142156875000004
1 0.1109803921875 0.607647059375 0.08331699375 0.607647059375 0.07967320312500001 0.6466666671875 0.1207189546875 0.6442401953125 0.128856209375 0.5094607843750001 0.093169934375 0.5079901953125 0.0926633984375 0.52289215625 0.1170751640625 0.52289215625 0.1109803921875 0.607647059375
1 0.1415849671875 0.552696078125 0.171274509375 0.5514950984375 0.19078431406250002 0.5514950984375 0.1810294125 0.678946078125 0.2517810453125 0.69664215625 0.25665032656250003 0.5197794124999999 0.2883660125 0.52039215625 0.2753594765625 0.7186029406250001 0.3052614375 0.7235294125 0.31926470625 0.4072303921875 0.287565359375 0.41061274531249997 0.19728758125 0.47585784374999995 0.189983659375 0.5417156859375 0.16720588281249998 0.5465931375 0.170457515625 0.4843872546875 0.128856209375 0.5094607843750001 0.1207189546875 0.6442401953125 0.13305555625 0.6600490203125 0.1415849671875 0.552696078125
0 1 0.7768382359375 0.9311111109375 0.75198529375 0.9273366015625 0.7491666671874999 0.9287581703125 0.734803921875 0.6154411765625001 0.69198529375 0.613856209375 0.7388480390625001 0.6266830062500001 0.7491666671874999 0.6266830062500001 0.7618872546875 0.546568628125 0.8127696078125 0.49379085 0.8141911765625001 0.459852940625 0.807132353125 0.459642109375 0.7742181984375 0.43284313750000003 0.7980882359375 0.4337581703125 0.7587009796874999 0.3213071890625 0.7145833328125 0.3052614375 0.7235294125 0.30717320312499996 0.722303921875 0.2753594765625 0.7186029406250001 0.2517810453125 0.69664215625 0.1810294125 0.678946078125 0.17145424843749998 0.672818628125 0.16107843125000001 0.6600980390625 0.13305555625 0.6600490203125 0.1207189546875 0.6442401953125 0.07967320312500001 0.6466666671875 0.0790849671875 0.6445343140625 0.0672549015625 0.773186275 0 0.7871568625 0 1 1 1 1 0.7768382359375