1 0.6461437906249999 0.3779901953125 0.628986928125 0.378725490625 0.6245751640625 0.4054411765625 0.6423856203125 0.405196078125 0.6461437906249999 0.3779901953125
1 0.6510457515625 0.34588235312500004 0.6333986921875 0.349313725 0.629313725 0.37406862812499997 0.6464705875 0.37210784375 0.6510457515625 0.34588235312500004
1 0.6556209156249999 0.31426470625 0.6369934640625 0.318186275 0.6340522875 0.342696078125 0.650882353125 0.3397549015625 0.6556209156249999 0.31426470625
1 0.6605228765625 0.280686275 0.64271241875 0.28607843125 0.6383006531250001 0.3120588234375 0.6567647062499999 0.3069117640625 0.6605228765625 0.280686275
1 0.5745098046875 0.41274509843749996 0.575326796875 0.4884803921875 0.5733660125 0.49289215625000005 0.5736928109375 0.535539215625 0.6024509796874999 0.527696078125 0.6416666671875 0.27009803906249996 0.5743464046875 0.252696078125 0.5745098046875 0.276225490625 0.5743464046875 0.315686275 0.5745098046875 0.41274509843749996
1 0.5482026140625 0.45073529375000004 0.5550490203125 0.4559558828125 0.5552450984374999 0.33159313749999997 0.5482026140625 0.33480392187499997 0.5482026140625 0.45073529375000004
1 0.5552450984374999 0.33159313749999997 0.5550490203125 0.4559558828125 0.5056372546875 0.4547549015625 0.5234803921875 0.5383088234375 0.5725490203125 0.5352941171875 0.571356209375 0.2514705875 0.5442810453125 0.2451225484375 0.5234803921875 0.32946078437500004 0.523251634375 0.32982843125 0.5552450984374999 0.33159313749999997
1 0.493643790625 0.087181371875 0.45316993437499997 0.086813725 0.4537418296875 0.6657843140625 0.4964705875 0.6649264703125 0.493643790625 0.087181371875
1 0.43084967343749997 0 0.43027777812499995 0.6541911765624999 0.4537418296875 0.6657843140625 0.45316993437499997 0.086813725 0.5072385625 0 0.43084967343749997 0
1 0.0382189546875 0 0.155669934375 0.036789215624999996 0.155931371875 0.213039215625 0.15607843125 0.5391911765625 0.1527450984375 0.6647303921875001 0.244673203125 0.6559558828125 0.244673203125 0.0754411765625 0.414460784375 0.1369117640625 0.4115359484375 0.6234558828125001 0.4150490203125 0.6559558828125 0.43027777812499995 0.6541911765624999 0.43084967343749997 0 0.0382189546875 0
1 0 0.65426470625 0.077957515625 0.5837009796875 0.07405228750000001 0.554436275 0.08235294062500001 0.54710784375 0.086013071875 0.306813725 0.0854248359375 0.19605392187499998 0 0.0390196078125 0 0.65426470625
1 0.09954248437499999 0.53892156875 0.15607843125 0.5391911765625 0.155931371875 0.213039215625 0.0854248359375 0.19605392187499998 0.086013071875 0.306813725 0.09758170000000001 0.3085049015625 0.09954248437499999 0.53892156875
1 0.63 0.5041176468749999 0.6121895421875 0.5021568624999999 0.6087581703125 0.52960784375 0.6273856203125 0.5305882359375 0.63 0.5041176468749999
1 0.6371895421875 0.47299019531250003 0.6152941171874999 0.47372549062499997 0.6126797390625 0.4938235296875 0.6329411765625 0.49676470625 0.6371895421875 0.47299019531250003
1 0.6371895421875 0.450196078125 0.6187254906249999 0.44848039218749997 0.6161111109374999 0.46539215624999997 0.6349019609375001 0.46784313749999995 0.6371895421875 0.450196078125
1 0.6431372546875 0.4110294125 0.6254901953124999 0.4122549015625 0.61960784375 0.44289215625 0.638725490625 0.44362745156249994 0.6431372546875 0.4110294125
0 1 0.7185294125 0.920751634375 0.6897794125 0.920751634375 0.699681371875 0.86513071875 0.6798774515625 0.8660784312500001 0.671397059375 0.8839869281249999 0.672818628125 0.8839869281249999 0.650196078125 0.9311111109375 0.6219117640625 0.9348856203125001 0.6091911765625 0.9424182999999999 0.58232843125 0.9518464046874999 0.580931371875 0.886895425 0.5698529406249999 0.861013071875 0.5656617640625 0.82555555625 0.5554656859375 0.7690032687499999 0.5484068625 0.7077287578125 0.535686275 0.6591013078125 0.529852940625 0.6615522875 0.613431371875 0.6266830062500001 0.6091911765625 0.6295098046875001 0.551225490625 0.644591503125 0.5286764703125 0.6273856203125 0.5305882359375 0.6087581703125 0.52960784375 0.6024509796874999 0.527696078125 0.5691830062500001 0.5399264703125 0.5234803921875 0.5383088234375 0.5380882359375 0.6261519609375 0.530539215625 0.65585784375 0.4964705875 0.6649264703125 0.4537418296875 0.6657843140625 0.43027777812499995 0.6541911765624999 0.4315849671875 0.6572549015625 0.4150490203125 0.6559558828125 0.3919934640625 0.654436275 0.244673203125 0.6559558828125 0.1527450984375 0.6647303921875001 0.15607843125 0.5391911765625 0.09954248437499999 0.53892156875 0.08235294062500001 0.54710784375 0.07405228750000001 0.554436275 0.077957515625 0.5837009796875 0 0.65426470625 0 1 1 1 1 0.7185294125
1 0.6844117640625 0.44764705937500004 0.6625163406250001 0.445686275 0.660882353125 0.46823529375 0.685065359375 0.4699509796875 0.6844117640625 0.44764705937500004
1 0.67952614375 0.3804656859375 0.6642320265625 0.38012254843750004 0.66305555625 0.386102940625 0.6802287578125 0.405882353125 0.67952614375 0.3804656859375
1 1 0.12031862812500001 0.8587908499999999 0.1813725484375 0.8569934640625 0.20107843124999997 0.8558169937500001 0.2299019609375 0.8557352937499999 0.3140196078125 0.8550817000000001 0.36424019531249996 0.8556372546875 0.4394117640625 0.8556372546875 0.44970588281249996 0.8575980390625 0.454117646875 0.8634803921875 0.4516666671875 0.8662581703125 0.42176470625 0.8700163406250001 0.4207843140625 0.8709803921875 0.42323529375 0.8690359484375 0.4345098046875 0.8680718953125 0.4467156859375 0.8680718953125 0.45279411718749996 0.87620915 0.45279411718749996 0.87539215625 0.461960784375 0.8656372546875 0.46375 0.8652287578125 0.4668382359375 0.8591339874999999 0.4832843140625 0.8583333328125 0.4967156859375 0.8583333328125 0.527818628125 0.861013071875 0.5656617640625 0.886895425 0.5698529406249999 0.8846568625 0.31044117656250003 0.99331699375 0.288382353125 0.9927450984374999 0.5674264703125 1 0.5704901953125 1 0.12031862812500001
1 0.644591503125 0.5286764703125 0.6591013078125 0.529852940625 0.657042484375 0.3860294125 0.6548856203125 0.381617646875 0.655277778125 0.3775 0.6572385625 0.37514705937500004 0.6601797390625 0.3719117640625 0.6611601312500001 0.3710294125 0.6725326796875 0.36926470624999996 0.6882189546874999 0.36573529374999997 0.68823529375 0.338210784375 0.818251634375 0.3035049015625 0.8177287578125 0.33367647031250003 0.8334150328125001 0.3383333328125 0.8361928109375001 0.339289215625 0.8360457515625 0.34642156874999996 0.833905228125 0.351789215625 0.8294934640625 0.3559803921875 0.8325817000000001 0.5232598046875 0.83521241875 0.515686275 0.8365032687499999 0.5122303921875 0.8404248359375 0.5009803921875 0.841094771875 0.49852941250000005 0.8433660125 0.49164215625 0.845326796875 0.4857598046875 0.84728758125 0.47914215625 0.8489379078124999 0.4693627453125 0.851879084375 0.451936275 0.8524673203124999 0.35372549062499997 0.849313725 0.1872058828125 0.6667973859375 0.2682598046875 0.6596241828125 0.3061274515625 0.6490522875 0.39637254843749997 0.644591503125 0.5286764703125
1 0.6795751640625001 0.4139705875 0.6619281046875 0.4139705875 0.6616013078125 0.4377450984375 0.6872549015625 0.43602941250000005 0.6795751640625001 0.4139705875