0 1 0.9652115218749999 0.95753 0.9489438937499999 0.9494680000000001 1 1 1 1 0.9652115218749999
1 1 0.1643744375 0.81594 0.1988898890625 0.81619 0.23288328906250003 1 0.205649565625 1 0.1643744375
1 0.81619 0.23288328906250003 0.81594 0.1988898890625 0.770886 0.10717371718749999 0.7457119999999999 0.115409540625 0.745806 0.115409540625 0.81619 0.23288328906250003
1 1 0.0437653765625 0.963506 0.0535103515625 0.9594039999999999 0.057905790624999995 0.956474 0.0601050109375 0.9561820000000001 0.061863185937499995 0.9558880000000001 0.0636213625 0.9547180000000001 0.0666966703125 0.951788 0.06889288906249999 0.951202 0.071092109375 0.9494440000000001 0.0750465046875 0.946514 0.07944194375 0.9421200000000001 0.0825172515625 0.941826 0.084716471875 0.9421200000000001 0.0877917796875 0.94124 0.0895499546875 0.94124 0.112844284375 0.941826 0.11372337187499999 0.9421200000000001 0.1146024609375 0.9421200000000001 0.11679867968749999 0.9415340000000001 0.11899789999999999 0.940654 0.1198769875 0.939776 0.1176777671875 0.940654 0.11372337187499999 0.9400679999999999 0.1102070203125 0.938604 0.1106450640625 0.937724 0.1106450640625 0.9368460000000001 0.1097659765625 0.937432 0.10669066875 0.9380179999999999 0.0939453953125 0.937724 0.0873537359375 0.935966 0.08559555937499999 0.93333 0.08515451562500001 0.930108 0.083837384375 0.928056 0.0825172515625 0.926592 0.0807590765625 0.924834 0.077245725 0.924542 0.077245725 0.92249 0.0759255921875 0.921612 0.0746084609375 0.9204399999999999 0.071971196875 0.921026 0.070213021875 0.9189740000000001 0.06889288906249999 0.914288 0.0671347140625 0.79915 0.09921992187499999 0.800028 0.166900690625 0.81594 0.1988898890625 1 0.1643744375 1 0.0437653765625
1 0.791304 0.12805880625 0.795052 0.1347044703125 0.794824 0.1357275734375 0.793292 0.1362376234375 0.791192 0.1369186921875 0.7912480000000001 0.1453525359375 0.790168 0.146033603125 0.800028 0.166900690625 0.79915 0.09921992187499999 0.791078 0.10156915625 0.791304 0.12805880625
1 1 0.396471646875 0.8994059999999999 0.3954815484375 0.8999119999999999 0.46593759375 0.900812 0.4664266421875 0.903674 0.467653765625 0.90768 0.46998499843749997 0.9098879999999999 0.473909390625 0.911524 0.47979597968750004 0.913486 0.49954395468749996 0.913926 0.4163336328125 1 0.41942994375 1 0.396471646875
0 0.649064 0.722718271875 0.644702 0.69350735 0.631928 0.6991149109375 0.619622 0.700750075 0.6197779999999999 0.700750075 0.620558 0.7133693375 0.632396 0.71594059375 0.649064 0.722718271875
0 0.61121 0.699348934375 0.602332 0.6988808875 0.595634 0.69630963125 0.5954780000000001 0.7028532859375 0.612146 0.708463846875 0.61121 0.699348934375
0 0.597036 0.7418781875 0.595946 0.7460846078125 0.5931420000000001 0.752160215625 0.595634 0.7568346828125 0.6133919999999999 0.7308970890625 0.612146 0.7171077109375 0.6015520000000001 0.7136033609375 0.59688 0.7199129906249999 0.597814 0.7313621359375 0.597502 0.7362706265625001 0.597036 0.7418781875
1 0.535644 0.19368736875 0.539832 0.19578157812500002 0.540646 0.193600359375 0.54181 0.1920402046875 0.543496 0.1892379234375 0.544718 0.1864476453125 0.546462 0.178592859375 0.545998 0.1789528953125 0.543786 0.18069607031249998 0.542332 0.1817341734375 0.542624 0.1839243921875 0.542856 0.18714371406250002 0.54181 0.1881038109375 0.5404720000000001 0.1881998203125 0.539366 0.18750375 0.538844 0.1856705671875 0.538436 0.18436243593749999 0.538436 0.1819171921875 0.53675 0.1814821484375 0.533318 0.17729372968749998 0.532794 0.1759855984375 0.531806 0.17729372968749998 0.529944 0.1776417640625 0.526512 0.17649865 0.525292 0.175277528125 0.524476 0.1733663359375 0.524186 0.167782778125 0.520172 0.16656165625 0.521918 0.1721452140625 0.52721 0.1822682265625 0.535644 0.19368736875
1 0.562528 0.173846384375 0.560608 0.17515751562499998 0.558048 0.174719471875 0.55485 0.18309630937500002 0.55072 0.1926072609375 0.557466 0.1901650171875 0.5611900000000001 0.18204920468750002 0.56462 0.1703570359375 0.562528 0.173846384375
1 0.491672 0.0737293734375 0.486058 0.0704560453125 0.48307 0.080153015625 0.486382 0.0767596765625 0.491672 0.0737293734375
1 0.482076 0.119588959375 0.49184799999999995 0.1258715875 0.49980399999999997 0.12942994375 0.498478 0.1254515453125 0.49603400000000003 0.1107920796875 0.49429 0.09466846718750001 0.49429 0.0856645671875 0.48947399999999996 0.088595859375 0.484518 0.0920522046875 0.479772 0.09676267656250001 0.479284 0.104719471875 0.47900400000000004 0.1164476453125 0.482076 0.119588959375
1 0.491312 0.167713771875 0.500094 0.1804530453125 0.507772 0.1870837078125 0.5208 0.195286528125 0.516554 0.1867356734375 0.515334 0.18150015 0.515974 0.1805400546875 0.511436 0.17076807656249998 0.505912 0.1574167421875 0.5024219999999999 0.1421482140625 0.49236 0.1376987703125 0.485146 0.1335103515625 0.479446 0.1283618359375 0.480668 0.13682568281250002 0.48549600000000004 0.15506150624999998 0.491312 0.167713771875
1 0.7406699999999999 0.2442694265625 0.741228 0.24343234374999997 0.742134 0.2428022796875 0.742832 0.2430123015625 0.79176 0.2854185421875 0.79148 0.3657275734375 0.79148 0.3786048609375 0.7929459999999999 0.405724571875 0.793504 0.4058265828125 0.793574 0.4091779171875 0.79155 0.408967896875 0.79176 0.4142034203125 0.800834 0.41169216875 0.8002739999999999 0.24688568906250002 0.744298 0.172757275 0.65015 0.0488778875 0.650452 0.4466186625 0.6628459999999999 0.44331233125 0.663544 0.18280828124999998 0.665988 0.182283228125 0.709192 0.217779778125 0.7086319999999999 0.3135823578125 0.7087722328125 0.3136107375 0.708842 0.3839453953125 0.709052 0.3839453953125 0.709052 0.43357335781249995 0.740878 0.426246625 0.740738 0.247095709375 0.7406699999999999 0.2442694265625
1 0.7209719812500001 0.3155198734375 0.721266 0.3155715578125 0.72322 0.322274228125 0.725732 0.3257305734375 0.728594 0.32552055156250004 0.730758 0.322589259375 0.733062 0.3178757875 0.735784 0.3113861390625 0.7371800000000001 0.3036363640625 0.737878 0.29463246249999997 0.738156 0.284476446875 0.738016 0.2729582953125 0.736552 0.2618601859375 0.73376 0.2533783375 0.731456 0.2508670859375 0.72978 0.247410740625 0.7282460000000001 0.245211521875 0.72636 0.2443744375 0.724268 0.2444794484375 0.723778 0.245211521875 0.722872 0.24625862656250003 0.722174 0.2478307828125 0.721476 0.24971497187499997 0.7207779999999999 0.25149414999999997 0.7203579999999999 0.25306330625 0.7198 0.2553675375 0.719382 0.2591389140625 0.718194 0.26855985625 0.717846 0.2813351328125 0.7188920000000001 0.29693669375 0.72008 0.3093969390625 0.7209719812500001 0.3155198734375
0 0.533134 1 0.5293840000000001 0.8875037499999999 0.523458 0.882211221875 0.522894 0.9093069312500001 0.512452 0.912904290625 0.506736 0.87131113125 0.45728 0.828658865625 0.441264 0.9148094812500001 0.432376 0.911530153125 0.45227199999999995 0.7876987703125 0.44683799999999996 0.7941554156249999 0.442042 0.80018901875 0.436114 0.8050555062500001 0.432588 0.808655865625 0.42024 0.8159585953124999 0.41318599999999994 0.8204020406250001 0.40352 0.8272817281249999 0.393572 0.8300330031250001 0.39195 0.815535553125 0.391384 0.8050555062500001 0.393572 0.7997659765625 0.39597000000000004 0.7961656171875 0.399992 0.7945784578125 0.40380200000000005 0.7933093312499999 0.41241000000000005 0.7912991296875 0.416148 0.7888628859375 0.428566 0.78081908125 0.437172 0.759651965625 0.44324 0.739648965625 0.45128399999999996 0.7274767484375 0.451706 0.71393039375 0.455164 0.7057815781250001 0.460808 0.7010171015625 0.46786199999999994 0.6969966999999999 0.468074 0.6961506156249999 0.468638 0.6925502546875 0.46920400000000007 0.6884218421875 0.471602 0.6812271234375 0.471884 0.67519351875 0.417772 0.6860936093750001 0.41854800000000003 0.6932913296875001 0.40380200000000005 0.7026042609375 0.401898 0.6961506156249999 0.38574 0.7106480640624999 0.399992 0.7211281125 0.342704 0.757536753125 0.339248 0.7563726375 0.27554 0.816909690625 0.27554 0.8350075 0.28421599999999997 0.8470747078124999 0.296282 0.87618061875 0.266156 0.8982988296875 0.217898 0.8419952 0.238006 0.8209330937500001 0.238006 0.758592859375 0 0.892904290625 0 1 0.533134 1
0 0.275844 0.7419561953125 0.275844 0.797221721875 0.38636 0.6942304234375001 0.366826 0.6942304234375001 0.275844 0.7419561953125
0 0.9282260000000001 1 0.9344680000000001 0.9624182421875 0.9329259999999999 0.9449114906249999 0.919712 0.9420162015625 0.9526020000000001 0.7123942390625 0.667976 0.631656165625 0.6547620000000001 0.6465586562500001 0.6537 0.6553855390625001 0.656884 0.6626192625 0.658234 0.67 0.657462 0.6763636359375 0.651772 0.6877947796874999 0.67058 0.8058625859375 0.664696 0.8099129906250001 0.6501319999999999 0.7323612359375 0.625922 0.7226672671875 0.621872 0.7304800484375 0.63036 0.887035703125 0.622548 0.8883378343749999 0.616278 0.7858955890625 0.597278 0.7775037499999999 0.62245 0.9107620765625001 0.612902 0.91568256875 0.593998 0.8203330328125 0.583098 0.8089018906250001 0.558022 0.7958805875 0.541626 0.813243325 0.547328 1 0.9282260000000001 1
0 1 0.779714971875 0.98153 0.77394239375 0.96032 0.9313621359375001 1 0.9477317734374999 1 0.779714971875
1 1 0.21777677812500001 0.8002739999999999 0.24688568906250002 0.800834 0.41169216875 0.8241580000000001 0.41288328906249994 0.82441 0.4106240625 0.82508 0.4069786984375 0.825582 0.40396339687499994 0.825582 0.39931593125 0.826 0.3876297625 0.828514 0.38850885156250003 0.828346 0.3870027 0.815196 0.386750675 0.81796 0.35936093593749996 0.8400719999999999 0.3606150609375 0.841496 0.381473146875 0.8413280000000001 0.3870027 0.832952 0.38750375 0.8330360000000001 0.38838283906250004 0.834544 0.4133873390625 0.852886 0.4140144015625 0.852886 0.4120042 0.852718 0.4109991 0.8526360000000001 0.40986798750000003 0.852886 0.4081098109375 0.853388 0.4074827484375 0.853054 0.4064776484375 0.852552 0.406099609375 0.850792 0.40496849687500003 0.850206 0.40408940937500004 0.850038 0.4027062703125 0.850038 0.4022052203125 0.8503740000000001 0.4017011703125 0.851212 0.40019501875 0.851462 0.39906390625 0.851294 0.39793279375 0.851212 0.3963006296875 0.8513780000000001 0.3952955296875 0.8520479999999999 0.3950435046875 0.853472 0.3951695171875 0.8538080000000001 0.39453945468749996 0.855902 0.394413440625 0.8566560000000001 0.3950435046875 0.8570740000000001 0.3961746171875 0.8576599999999999 0.39717971875 0.8583299999999999 0.3974287421875 0.858916 0.39730573125 0.860256 0.3961746171875 0.861178 0.3964236421875 0.861848 0.39755475625000003 0.86277 0.39831083125 0.863272 0.39881188125 0.8638579999999999 0.39918991875 0.862518 0.4020792078125 0.86168 0.4022052203125 0.86076 0.4017011703125 0.858916 0.4019531953125 0.85875 0.40421542187500004 0.85808 0.405598559375 0.8571580000000001 0.405973596875 0.85741 0.4076087609375 0.85875 0.4081098109375 0.858916 0.4087368734375 0.859168 0.40949295 0.859168 0.4106240625 0.8593360000000001 0.4121302125 0.859 0.4137653765625 0.886054 0.4148934890625 0.886054 0.4086138609375 0.886054 0.3900180015625 0.88597 0.3896399640625 0.885718 0.3892619265625 0.8851319999999999 0.38850885156250003 0.8851319999999999 0.3868766875 0.885216 0.38561956249999996 0.8854660000000001 0.3847404734375 0.8861380000000001 0.3838613859375 0.886054 0.37958895937500003 0.8861380000000001 0.37694869531249997 0.8856339999999999 0.37657365781249996 0.8848800000000001 0.37456345625 0.883624 0.37280528125 0.88354 0.3726792671875 0.88329 0.3723012296875 0.8828699999999999 0.3714221421875 0.882452 0.3709180921875 0.8818659999999999 0.3702910296875 0.88195 0.369159915625 0.879772 0.369285928125 0.878766 0.369159915625 0.8783480000000001 0.36878187812499996 0.87751 0.367275728125 0.877342 0.3661446140625 0.9054 0.3648874890625 0.9052339999999999 0.3481788171875 0.897696 0.3485538546875 0.897276 0.258718871875 1 0.24795079531250003 1 0.21777677812500001
1 0.107254 0 0.497152 0.1839603953125 0.49450000000000005 0.1799819984375 0.485286 0.1648004796875 0.478306 0.146162615625 0.476422 0.1360066 0.47404999999999997 0.11998499843749999 0.472164 0.11045904531249999 0.472654 0.096531653125 0.475516 0.0898319828125 0.476004 0.087527753125 0.47851600000000005 0.075592559375 0.481238 0.0670057 0.388756 0 0.107254 0
1 0.5439879999999999 0.157245725 0.545194 0.158151815625 0.5464 0.1594179421875 0.5474840000000001 0.1601410140625 0.547846 0.1601410140625 0.54857 0.15959795937500001 0.551224 0.15797179687500001 0.5531539999999999 0.1557995796875 0.553756 0.15344734531249998 0.555082 0.14494449375000001 0.541214 0.14693369375 0.5418160000000001 0.1556195625 0.543142 0.1565226515625 0.5439879999999999 0.157245725
1 0.529744 0.16144314375 0.528538 0.16144314375 0.526126 0.164338434375 0.5290199999999999 0.1647014703125 0.532156 0.164338434375 0.533602 0.16307230781249998 0.5348080000000001 0.15855085468750002 0.5383060000000001 0.15456945625000001 0.537704 0.14733273281249998 0.530468 0.147149715625 0.530708 0.15855085468750002 0.530708 0.16036003593749998 0.529744 0.16144314375
1 0.592784 0.0720762078125 0.5990059999999999 0.0782688265625 0.596738 0.0712031203125 0.592784 0.0720762078125
1 0.5231760000000001 0.085742575 0.522758 0.08900990156250001 0.522758 0.093030303125 0.5246839999999999 0.0912721265625 0.525774 0.0910201015625 0.5277000000000001 0.0917731765625 0.530044 0.093030303125 0.531888 0.0950405046875 0.533478 0.09780377968750001 0.534232 0.1022022203125 0.533562 0.1097419734375 0.531134 0.1253225328125 0.530212 0.13574857499999998 0.5377500000000001 0.13449445 0.53842 0.13273327343750002 0.537582 0.1207980796875 0.53708 0.116399640625 0.537918 0.07468646875 0.523344 0.07619261875 0.52301 0.080717071875 0.523344 0.081596159375 0.5231760000000001 0.085742575
1 0.550568 0.1348034796875 0.55087 0.1330093015625 0.550468 0.11806780624999999 0.550368 0.11083108281250001 0.551976 0.10977497812499999 0.5477540000000001 0.0907920796875 0.541322 0.0946954703125 0.5419240000000001 0.1103780375 0.542428 0.1351035109375 0.550568 0.1348034796875
1 0.600868 0.0960846078125 0.595666 0.0890459046875 0.586704 0.0830153015625 0.578414 0.07949895 0.57297 0.0768586859375 0.572048 0.0935703578125 0.5735560000000001 0.105757575 0.5752379999999999 0.1203330328125 0.575566 0.12711671093750002 0.586704 0.121086109375 0.596002 0.1136723671875 0.600776 0.10902490312499999 0.600868 0.0960846078125
1 0.573006 0.1661146109375 0.56724 0.185598559375 0.575334 0.1772397234375 0.582506 0.16756675625 0.588904 0.1565166515625 0.595982 0.1386078609375 0.599858 0.12268226874999999 0.595352 0.12697269687499999 0.589584 0.13206420624999998 0.581682 0.1365706578125 0.575188 0.13867986875 0.575304 0.1442334234375 0.57514 0.149462946875 0.573006 0.1661146109375
1 0.605274 0.11355835624999999 0.601534 0.1347284734375 0.591986 0.16194119375 0.576198 0.18455745625 0.629868 0.1695409546875 0.6303099999999999 0.4450495046875 0.650452 0.4466186625 0.65015 0.0488778875 0.601204 0.0693819375 0.604258 0.0852595265625 0.6060679999999999 0.0980738078125 0.605274 0.11355835624999999