0 0.5468923078125 0.5713793109374999 0.5477000000000001 0.5976802515624999 0.581584615625 0.611107628125 0.5831999999999999 0.5667189125000001 0.5468923078125 0.5713793109374999
0 0.589815384375 0.5657366765625 0.5896076921875 0.613406478125 0.5990923078125 0.616969696875 0.6001000000000001 0.571483803125 0.5928384609374999 0.5657366765625 0.589815384375 0.5657366765625
0 0.489353846875 0.55201671875 0.49047692343750005 0.6412748171875 0.514315384375 0.6446812953125 0.516515384375 0.55539185 0.489353846875 0.55201671875
0 1 0.6724242421875 0.9908769234375001 0.6709822359375 0.864146153125 0.6874608156249999 0.8127000000000001 0.701097178125 0.820646153125 0.7073458718750001 0.8616384609375001 0.7141692796875 0.908484615625 0.7101880875 1 0.7171891328125 1 0.6724242421875
0 0.9436923078125 0.656886103125 0.9438615390624999 0.66374085625 0.9436923078125 0.6703552765625 0.919153846875 0.6733333328125 0.9013384609375 0.676980146875 0.9914307687499999 0.6655903859375 0.9494076921874999 0.6520898640625 0.9436923078125 0.656886103125
0 0.590053846875 0.6236572625 0.589815384375 0.6285893421875001 0.5823076921875 0.6305642640625 0.581584615625 0.6184012546875 0.545515384375 0.6042633234375 0.5469692312500001 0.66048066875 0.5985230765625 0.6667293625 0.5997384609374999 0.6259561125 0.590053846875 0.6236572625
0 0.8681615390624999 0.6745036578125 0.8989 0.6696238250000001 0.8778230765625 0.6671786828124999 0.8067615390625 0.66797283125 0.7356615390625 0.663887146875 0.68086923125 0.656499478125 0.648953846875 0.6434273765625 0.615115384375 0.629623825 0.6142769234375 0.6750783703125001 0.7447769234375 0.6932601875 0.7916230765625001 0.6898432609375 0.8681615390624999 0.6745036578125
0 0.7349230765625 0.6555172406249999 0.8246615390625 0.659613375 0.874653846875 0.659613375 0.8867 0.659613375 0.8903153843749999 0.6555172406249999 0.8897076921875 0.6489759671875001 0.8927230765624999 0.6432497390624999 0.899946153125 0.6375235109374999 0.9083769234375 0.6334273765625 0.9156076921875 0.6309717874999999 0.94653076875 0.6213166140624999 0.9463230765624999 0.620334378125 0.766784615625 0.5859352140625 0.753046153125 0.5781609203125 0.7476076921875 0.5762173453125 0.7358769234375 0.5641692796875 0.7292923078125 0.5626123296875 0.7106923078125 0.56105538125 0.70153076875 0.56105538125 0.684353846875 0.5618390796875 0.6702384609375 0.5622361546875 0.6141846156249999 0.568066875 0.61626923125 0.61951933125 0.6740923078125001 0.6375235109374999 0.6963769234375 0.6448798328125 0.7349230765625 0.6555172406249999
0 1 0.7215987453125 0.9417769234375 0.7196760703125 0.9212769234374999 0.71683385625 0.8982769234375001 0.71683385625 0.8836384609374999 0.7185370953125 0.8593769234374999 0.7219540234374999 0.8393 0.720240334375 0.8037538468750001 0.7066039703125 0.9844384609375 0.908307209375 1 0.9064158828125001 1 0.7215987453125
0 0.685846153125 0.7308986421875 0.6827230765625 0.7549320796875 0.7868 0.8086624875 0.6331 0.8941065828125 0.627 0.9085684437499999 0.96996923125 0.9090386625000001 0.799284615625 0.7082863109375 0.7628615390625 0.7167607109375 0.685846153125 0.7308986421875
0 0.202346153125 0.66153605 0.2017615390625 0.652455590625 0.11056153906249999 0.6508777421875 0.114915384375 0.6729780562500001 0.13176153906250002 0.6702194359375 0.202346153125 0.66153605
0 0.0960384609375 0.65049111875 0.011515384375 0.679289446875 0.0100615390625 0.68797283125 0.1003923078125 0.678505746875 0.0960384609375 0.65049111875
0 0 0.7371159875 0.1112076921875 0.6916614421875 0.0127769234375 0.7017972828125 0 0.70105538125 0 0.7371159875
0 0 0.8203552765625 0.19421538437500002 0.7767502609375 0.18346923125 0.7613584109375 0.1674923078125 0.7653082546875 0.1552923078125 0.7317659359375 0.20466923124999997 0.724660396875 0.205246153125 0.690731453125 0.132346153125 0.7009926859375 0 0.7572936265625 0 0.8203552765625
1 0.3710923078125 0.45690700156249997 0.364646153125 0.4631556953125 0.3647615390625 0.487063740625 0.37063076875 0.4850261234375 0.3710923078125 0.45690700156249997
1 0 0.641107628125 0.012084615625 0.6394984328125 0.012084615625 0.6459770109375 0.09573076875 0.6315569484375 0.0953230765625 0.5815987453125 0.1080384609375 0.5799791015625 0.10884615312499998 0.6301985375 0.21536923125000001 0.6175339609375 0.21875384687500002 0.2572413796875 0.17312307656249998 0.30610240312500003 0.1614384609375 0.30739811875 0.162153846875 0.25879832812500003 0.1426 0.2575026125 0.115884615625 0.30124346874999997 0.1077769234375 0.30156739843749997 0.10729999999999999 0.2944409609375 0.1092076921875 0.29054336406250003 0.1115923078125 0.2575026125 0.10825384687499999 0.2568547546875 0.1077769234375 0.2510240328125 0.06770000000000001 0.2458411703125 0.059353846875000005 0.2853605015625 0.059115384375 0.2944409609375 0.048146153125 0.29314524531249997 0.05196153906249999 0.2419435734375 0 0.234242425 0 0.641107628125
1 0.4105076921875 0.5159874609374999 0.3862615390625 0.54989550625 0.386915384375 0.5989341687499999 0.40872307656249995 0.5963427375 0.4105076921875 0.5159874609374999
1 0.42733846093750005 0.49095088750000004 0.420384615625 0.501295715625 0.418853846875 0.591776384375 0.427284615625 0.5911180765624999 0.42733846093750005 0.49095088750000004
1 0.41248461562500005 0.3144305125 0.400753846875 0.3136886109375 0.389015384375 0.3236259140625 0.3892923078125 0.3521212125 0.41248461562500005 0.32811912187500003 0.41248461562500005 0.3144305125
1 0.37300769218749996 0.369561128125 0.37438461562500003 0.3290595609375 0.366384615625 0.3380564265625 0.365 0.339184953125 0.36430769218750003 0.3811807734375 0.37300769218749996 0.369561128125
1 0.41390000000000005 0.34145245625 0.3884923078125 0.3705120171875 0.3875769234375 0.4186415890625 0.411946153125 0.39332288437499996 0.41390000000000005 0.34145245625
1 0.3721769234375 0.3886520375 0.365 0.398119121875 0.36422307656249997 0.44778474375000005 0.37117692343750003 0.4407628 0.3721769234375 0.3886520375
1 0.349115384375 0.4143051203125 0.3371923078125 0.4278056421875 0.3369923078125 0.48072100312500005 0.349715384375 0.46425287343750005 0.349115384375 0.4143051203125
1 0.3500384609375 0.48190177656250005 0.33612307656249996 0.49816092031250003 0.33612307656249996 0.514096134375 0.3492384609375 0.51144200625 0.3500384609375 0.48190177656250005
1 0.517046153125 0.36259143125 0.49050769218749996 0.3992163015625 0.489353846875 0.55201671875 0.516515384375 0.55539185 0.517046153125 0.36259143125
1 0.552984615625 0.557847440625 0.5837923078125 0.56278996875 0.58506923125 0.3513584109375 0.5494615390625001 0.3466562171875 0.5477076921874999 0.547941484375 0.553984615625 0.548840125 0.552984615625 0.557847440625
1 0.5924 0.5383385578125 0.5965384609375 0.5383385578125 0.595046153125 0.565235109375 0.600115384375 0.56836990625 0.6021384609375 0.3530929984375 0.590215384375 0.352831765625 0.589184615625 0.56085684375 0.5927384609375 0.56085684375 0.5924 0.5383385578125
1 0.67093076875 0.363521421875 0.61706923125 0.35515151562499997 0.6141846156249999 0.568066875 0.6702384609375 0.5622361546875 0.67093076875 0.363521421875
1 0.70153076875 0.56105538125 0.7106923078125 0.56105538125 0.7292923078125 0.5626123296875 0.7358769234375 0.5641692796875 0.7476076921875 0.5762173453125 0.753046153125 0.5781609203125 0.766784615625 0.5859352140625 0.94653076875 0.6213166140624999 0.9491076921875001 0.4296447234375 0.9491076921875001 0.342936259375 0.94910379375 0.342936690625 0.9491039171875 0.342924465625 0.9433846156250001 0.325057471875 0.67093076875 0.363521421875 0.6702384609375 0.5622361546875 0.684353846875 0.5618390796875 0.70153076875 0.56105538125
1 1 0.30707419062499997 0.9712615390625 0.3101985375 0.9705769234374999 0.3363322890625 0.9491076921875001 0.34254963437499997 0.94653076875 0.6213166140624999 0.9441230765625 0.6297910140625 0.9503076921875 0.6484535 0.99426923125 0.66432601875 0.9908384609375 0.633991640625 0.990153846875 0.6251306171875 1 0.6251306171875 1 0.30707419062499997
0 0 0.9013688609375 0.627 0.9085684437499999 0.6331 0.8941065828125 0.500515384375 0.7986520374999999 0.2478923078125 0.8668338562500001 0.1985384609375 0.7872831765625 0 0.8280459765625 0 0.9013688609375