0 0.60283203125 0.715546875 0.447158203125 0.7150651046875 0.447158203125 0.7747916671875 0.604638671875 0.7757552078125001 0.60283203125 0.715546875
0 1 0.9580338546875 0.8507128906249999 0.8225390625 0.796552734375 0.7749479171875 0.78458984375 0.777734375 0.773046875 0.7758463546875001 0.605087890625 0.7791796875 0.42666015625 0.7740885421875 0.4271484375 0.7916666671875 0.24369140625000002 0.7948046875 0.24419921875 0.7789453125 0.038046875 1 1 1 1 0.9580338546875
0 0.42630859374999996 0.7162760421875001 0.33926757812499997 0.7162760421875001 0.318671875 0.7408333328125 0.30169921875 0.7393880203125 0.257265625 0.7875520828125 0.426669921875 0.7865885421875001 0.42666015625 0.7740885421875 0.42630859374999996 0.7162760421875001
0 0.773046875 0.7758463546875001 0.756240234375 0.7585677078125 0.7458984375 0.75625 0.718125 0.72421875 0.7158886718749999 0.7141015625 0.62162109375 0.7145833328125 0.6210351562499999 0.7776822921875 0.773681640625 0.7762369796875 0.773046875 0.7758463546875001
1 0.727275390625 0.2905859375 0.72873046875 0.2583072921875 0.617626953125 0.2590885421875 0.618212890625 0.2925260421875 0.618212890625 0.2933072921875 0.727275390625 0.2905859375
1 0.7423828125 0.27609374999999997 0.727275390625 0.2905859375 0.7153125 0.30453125000000003 0.718125 0.72421875 0.7458984375 0.75625 0.7423828125 0.27609374999999997
1 0.7533984375 0.2790494796875 0.7752734375 0.25798177031249997 0.72873046875 0.2583072921875 0.727275390625 0.2905859375 0.7423828125 0.27609374999999997 0.7533984375 0.2790494796875
1 0.78458984375 0.777734375 0.7752734375 0.25798177031249997 0.7533984375 0.2790494796875 0.756240234375 0.7585677078125 0.773046875 0.7758463546875001 0.78458984375 0.777734375
1 0.25680664062499997 0.7716015625 0.30150390625 0.7272005203125 0.298564453125 0.29812500000000003 0.294482421875 0.2954036453125 0.29681640625 0.2576822921875 0.253076171875 0.2584635421875 0.25680664062499997 0.7716015625
1 0.313408203125 0.3009765625 0.313916015625 0.2949348953125 0.423759765625 0.2942578125 0.424267578125 0.2546223953125 0.29681640625 0.2576822921875 0.30150390625 0.7272005203125 0.31844726562500003 0.7276041671875 0.313408203125 0.3009765625
1 0.3380859375 0.55921875 0.3378515625 0.32890625 0.313916015625 0.2949348953125 0.31844726562500003 0.7276041671875 0.33796875000000004 0.70609375 0.3380859375 0.55921875
1 0.60099609375 0.2627864578125 0.44143554687500003 0.26614583281250004 0.44353515625 0.29358072968750004 0.60099609375 0.294140625 0.60099609375 0.2627864578125
1 0.7533984375 0.2790494796875 0.7423828125 0.27609374999999997 0.7458984375 0.75625 0.756240234375 0.7585677078125 0.7533984375 0.2790494796875
1 0.893212890625 0 0.77681640625 0.1329427078125 0.7791015625 0.2024348953125 0.78669921875 0.2015364578125 0.78669921875 0.2155078125 0.778935546875 0.21502604218750002 0.77958984375 0.2357291671875 0.79310546875 0.2382291671875 0.796552734375 0.7749479171875 0.8493847656250001 0.8221875000000001 0.899658203125 0.656953125 0.870556640625 0.6457421875 0.871335796875 0.622497371875 0.871533203125 0.622578125 0.900146484375 0.6280338546875 0.899658203125 0.6572526046875 0.8507128906249999 0.8225390625 1 0.9580338546875 1 0 0.893212890625 0
1 0.78669921875 0.2015364578125 0.7791015625 0.2024348953125 0.77681640625 0.1329427078125 0.24353515625000002 0.1369270828125 0.244462890625 0.2140234375 0.7866796875000001 0.2071354171875 0.78669921875 0.2015364578125
1 0.778935546875 0.21502604218750002 0.7807031249999999 0.21171875 0.24304687500000002 0.2225 0.24363281250000002 0.2496875 0.77958984375 0.2357291671875 0.778935546875 0.21502604218750002
1 0 0 0 1 0.038046875 1 0.24419921875 0.7789453125 0.24363281250000002 0.2496875 0.24304687500000002 0.2225 0.2358984375 0.22126302031249998 0.23576171875 0.21412760468749997 0.244462890625 0.2140234375 0.24353515625000002 0.1369270828125 0.1419921875 0 0 0