0 0.19330078125 0.7422265625 0.191494140625 0.7041796875 0.025341796875 0.7253776046875 0.022412109375 0.730703125 0.022089843749999998 0.7451171875 0.022089843749999998 0.7446354171875 0.00005859375 0.7470442703125 0 0.7840625 0.194384765625 0.7576822921875 0.193759765625 0.7426953125 0.19330078125 0.7422265625
0 0.445 0.6968489578125 0.435966796875 0.6995052078125 0.394326171875 0.6775781249999999 0.360537109375 0.6815494796875 0.360537109375 0.7171875 0.45602539062499997 0.7032942703125 0.445 0.6968489578125
0 0.3460546875 0.7194010421875 0.34826171875 0.6854036453125001 0.20774414062500002 0.7022526046875 0.207021484375 0.7422265625 0.20738281249999999 0.7427083328124999 0.3460546875 0.7194010421875
0 1 0.8848046875 0.4864453125 0.6980338546875 0.47672851562499996 0.7009635421875 0.45602539062499997 0.7032942703125 0.3460546875 0.7194010421875 0.193759765625 0.7426953125 0.194384765625 0.7576822921875 0.068310546875 0.7734895828125 0 0.7840625 0 1 1 1 1 0.8848046875
1 0.42069335937499996 0.3335546875 0.38827148437500003 0.3294401046875 0.394326171875 0.6775781249999999 0.435654296875 0.6991666671875 0.435966796875 0.6995052078125 0.43340820312500006 0.3239583328125 0.42069335937499996 0.3335546875
1 0.442958984375 0.3238932296875 0.45894531250000004 0.3144921875 0.423046875 0.307421875 0.42069335937499996 0.3335546875 0.43340820312500006 0.3239583328125 0.442958984375 0.3238932296875
1 0.47672851562499996 0.7009635421875 0.47702148437499997 0.31527343750000003 0.45894531250000004 0.3144921875 0.442958984375 0.3238932296875 0.445 0.6968489578125 0.45602539062499997 0.7032942703125 0.47672851562499996 0.7009635421875
1 0.442958984375 0.3238932296875 0.43340820312500006 0.3239583328125 0.435654296875 0.6991666671875 0.445 0.6968489578125 0.442958984375 0.3238932296875
1 0.42069335937499996 0.3335546875 0.423046875 0.307421875 0.35828125 0.2973567703125 0.359169921875 0.3246223953125 0.359169921875 0.325 0.42069335937499996 0.3335546875
1 0.34728515625 0.29867187500000003 0.20901367187500003 0.27696614531249997 0.20780273437500002 0.30289062499999997 0.347041015625 0.3233072921875 0.34728515625 0.29867187500000003
1 0 0.7339713546875 0.022412109375 0.730703125 0.023388671875 0.2780729171875 0.19227539062500001 0.2991276046875 0.193974609375 0.2631640625 0.00345703125 0.23433593749999998 0.002490234375 0.2719140625 0 0.40014322968749994 0 0.7339713546875
1 0 0.226484375 0.48357421875 0.3068880203125 0.483623046875 0.3068880203125 0.474697265625 0.3023177078125 0.47510742187500005 0.28477864531249997 0 0.1941666671875 0 0.226484375
1 0 0.1891145828125 0.481953125 0.279609375 0.474755859375 0.2744401046875 0.475 0.2251302078125 0 0.11488281250000001 0 0.1891145828125
1 0.806572265625 0 0.475 0.2251302078125 0.474755859375 0.2744401046875 0.481953125 0.279609375 0.481953125 0.2863932296875 0.47510742187500005 0.28477864531249997 0.474697265625 0.3023177078125 0.483623046875 0.3068880203125 0.4864453125 0.6980338546875 1 0.8848046875 1 0 0.806572265625 0