1 0.8242857140625001 0.84097938125 0.808880309375 0.3254639171875 0.9059459453125 0.2715979375 0.9049420843749999 0.0278865984375 0.7166795359375 0.252989690625 0.7162934359375 0.5544845359374999 0.7218918921874999 0.734587628125 0.8242857140625001 0.84097938125
1 0.7162934359375 0.5544845359374999 0.7166795359375 0.252989690625 0.706023165625 0.256391753125 0.699459459375 0.737268040625 0.7218918921874999 0.734587628125 0.7162934359375 0.5544845359374999
1 0.25088803125000003 0.2425257734375 0.03617760625 0.2404639171875 0.0377606171875 0.375 0.251235521875 0.37448453593750003 0.25088803125000003 0.2425257734375
1 0.0377606171875 0.375 0.034517375 0.7461855671875 0.0637065640625 0.744948453125 0.0613899609375 0.393608246875 0.0988416984375 0.3948453609375 0.09382239375 0.710309278125 0.0976833984375 0.7030927828125 0.1966795359375 0.6997938140625 0.19714285781250002 0.417731959375 0.248571428125 0.41711340156250004 0.251235521875 0.37448453593750003 0.0377606171875 0.375
1 0.2453667953125 0.43242267968750003 0.1992278 0.4345360828125 0.19787644843750002 0.6308762890625 0.2453667953125 0.6262371140625 0.2453667953125 0.43242267968750003
1 0.706023165625 0.256391753125 0.3026640921875 0.24345360781249997 0.2996139 0.7414432984375 0.699459459375 0.737268040625 0.706023165625 0.256391753125
0 0.9139768343749999 1 0.912200771875 0.8007731953125001 0.8475675671875 0.7648453609375 0.844324325 0.8194845359375 0.8242857140625001 0.84097938125 0.7218918921874999 0.734587628125 0.699459459375 0.737268040625 0.2996139 0.7414432984375 0.29922780000000004 0.7551546390625 0.24633204687500002 0.7561855671875 0.2453667953125 0.6262371140625 0.19787644843750002 0.6308762890625 0.1966795359375 0.6997938140625 0.0976833984375 0.7030927828125 0.09382239375 0.710309278125 0.0637065640625 0.744948453125 0.034517375 0.7461855671875 0.0346332046875 0.9011340203125 0.061235521875 0.8655154640625 0.08818532812499999 0.8540206187500001 0.10969112031249999 0.8568556703124999 0.1786486484375 0.9028865984375001 0.19694980625 0.950360825 0.20594594531250002 1 0.9139768343749999 1
1 0 0 0 0.9034536078125001 0.0346332046875 0.9011340203125 0.034517375 0.7461855671875 0.0377606171875 0.375 0.03617760625 0.2404639171875 0.0357142859375 0.184948453125 0.036061776562499995 0 0 0
1 0.8279536671875001 0 0.708880309375 0.1927835046875 0.706023165625 0.256391753125 0.7166795359375 0.252989690625 0.9045945953125001 0.031907217187499996 0.9060617765625001 0 0.8279536671875001 0
1 0.0544401546875 0 0.2650193046875 0.21376288593749998 0.27722007656250003 0.19072165000000002 0.1177606171875 0 0.0544401546875 0
1 0.251235521875 0.37448453593750003 0.248571428125 0.41711340156250004 0.2453667953125 0.43242267968750003 0.24633204687500002 0.7561855671875 0.29922780000000004 0.7551546390625 0.29806949843749997 0.7448453609375 0.3026640921875 0.24345360781249997 0.706023165625 0.256391753125 0.708880309375 0.1927835046875 0.27722007656250003 0.19072165000000002 0.25088803125000003 0.2425257734375 0.251235521875 0.37448453593750003
1 0.1951737453125 0.19319587656249998 0.0357142859375 0.184948453125 0.03617760625 0.2404639171875 0.25088803125000003 0.2425257734375 0.1951737453125 0.19319587656249998
1 0.9060617765625001 0 0.9049420843749999 0.0278865984375 0.9059459453125 0.2715979375 0.9127413125 0.9453608250000001 0.9139768343749999 1 1 1 1 0 0.9060617765625001 0