1 0.9515820312500001 0.1019401046875 0.492080078125 0.1901041671875 0.489033203125 0.250234375 0.953408203125 0.1701953125 0.9515820312500001 0.1019401046875
1 0.9537890625 0.1780338546875 0.488994140625 0.256796875 0.48943359375 0.2734635421875 0.953056640625 0.20174479218750002 0.9537890625 0.1780338546875
1 0 0 0 0.012578125 0.27583984375 0.157734375 0.2925105953125 0.1634485640625 0.27603515624999997 0.15796875 0.276982421875 0.7548307296875 0.492607421875 0.6624348953125 0.48943359375 0.2734635421875 0.488994140625 0.256796875 0.483798828125 0.2578125 0.48349609375 0.2501302078125 0.489033203125 0.250234375 0.49273437500000006 0.1916536453125 0.22251953124999999 0 0 0
1 0 0.286328125 0.010292968750000001 0.283671875 0.00751953125 0.4671223953125 0.0151561890625 0.466341309375 0.00732421875 0.4672526046875 0.006474609375 0.694375 0.01099609375 0.6979817703125 0.276982421875 0.7548307296875 0.27583984375 0.157734375 0.231005859375 0.16561197968750002 0.104892578125 0.1040494796875 0 0.1394010421875 0 0.24494791718750003 0.0019327437499999998 0.24508831562500002 0 0.24505208281250002 0 0.286328125
1 0.58984375 0.6286458328125 0.5940624999999999 0.6270703125 0.5945703124999999 0.6171744796875 0.5905175781249999 0.6171744796875 0.591025390625 0.6129036453125 0.59541015625 0.6120052078125 0.5940527343750001 0.5211197921874999 0.5905175781249999 0.5209635421875001 0.5903125 0.5144921874999999 0.593955078125 0.5142187500000001 0.59435546875 0.32255208281250003 0.5901562499999999 0.31890625 0.56275390625 0.3028255203125 0.5640234375000001 0.6450781250000001 0.59068359375 0.63359375 0.58984375 0.6286458328125
1 0.56275390625 0.3028255203125 0.551806640625 0.3069401046875 0.551953125 0.6442447921875 0.5640234375000001 0.6450781250000001 0.56275390625 0.3028255203125
1 0.551953125 0.6442447921875 0.551806640625 0.3069401046875 0.5283203125 0.2848958328125 0.50390625 0.2872395828125 0.502685546875 0.6620833328125 0.551953125 0.6442447921875
1 0.967578125 0 0.9515820312500001 0.1019401046875 0.9534960937499999 0.17179687500000002 0.9537890625 0.1780338546875 0.989013671875 0 0.967578125 0
1 1 0.0681770828125 0.9682421874999999 0.1960286453125 0.966201171875 0.35997395781249997 0.966103515625 0.581171875 0.9741992187499999 0.5868098953125 0.9774804687499999 0.563515625 0.9853320312499999 0.5685416671875 0.98544921875 0.5954036453125 0.9741992187499999 0.5869791671875 0.965712890625 0.5812369796875 0.9654296875 0.7255208328125 1 0.8667447921875 1 0.0681770828125
0 0.76869140625 0.663125 0.629189453125 0.6489973953125 0.626806640625 0.6821744796875 0.7692187500000001 0.7005338546875 0.76869140625 0.663125
0 1 0.8667447921875 0.9654296875 0.7255208328125 0.618671875 0.6867838546875 0.4966796875 0.673046875 0.492607421875 0.6624348953125 0.276982421875 0.7548307296875 0.006474609375 0.694375 0 0.7895833328124999 0 1 1 1 1 0.8667447921875
0 0.5656640625 0.6560546875 0.5524218750000001 0.6546484375 0.518017578125 0.6663020828125 0.618603515625 0.6797135421875 0.619658203125 0.6475911453125 0.591337890625 0.6426432296875 0.5656640625 0.6560546875
0 0.9540625 0.7144661453125 0.94548828125 0.7127083328125 0.94154296875 0.6767057296875 0.779541015625 0.6641796875 0.778857421875 0.7013020828125 0.9540625 0.7232552078125 0.9540625 0.7144661453125