1 0.5515305015624999 0.4926831265625 0.5508837140625 0.506686390625 0.5504016890625001 0.507280146875 0.5493014703125 0.5082085281250001 0.5486233656249999 0.5089716390625 0.5482271234375 0.5099449093749999 0.5482271234375 0.5116364 0.54839596875 0.512526015625 0.5496909046875 0.5127035296875 0.5500422109375 0.523405428125 0.5721745640625 0.52323199375 0.5730147062500001 0.24709651093749999 0.56474809375 0.24740053125 0.5646459687500001 0.24816159999999998 0.5539733109375 0.24861865 0.550679465625 0.26565190781250003 0.5508837140625 0.4926831265625 0.5515305015624999 0.4926831265625
1 0.5807475484375 0.44448071875000006 0.5859926468750001 0.4408263625 0.6278308828125 0.43991226250000004 0.627626634375 0.50229953125 0.644744009375 0.501752703125 0.6441748359374999 0.4432013875 0.6540141609375001 0.4391205875 0.7390318625 0.4380840640625 0.738503540625 0.3812405625 0.572615740625 0.38337278124999996 0.5722494546875 0.50229953125 0.58066585 0.501752703125 0.5807475484375 0.44448071875000006
1 0.360761165625 0.5603795140625001 0.3836369828125 0.5602550500000001 0.383018790625 0.6191246687499999 0.38511029375 0.6191246687499999 0.386416121875 0.5643399312499999 0.409794390625 0.5638175875 0.41008442343749996 0.502175065625 0.483080065625 0.4996123234375 0.48333197187500004 0.380055090625 0.2925871453125 0.38117118906249997 0.2920942265625 0.501052846875 0.3610607296875 0.5004386859375 0.360761165625 0.5603795140625001
1 0.4412486390625 0.5541746578125 0.45005855156249996 0.552205671875 0.450477940625 0.5543419703125 0.4575531046875 0.5538400328125 0.4621105671875 0.5169230765624999 0.4654670484375 0.5155396859375 0.4716748359375 0.5174678640625 0.47122685156250005 0.521532340625 0.475477940625 0.5218261578125001 0.4752818625 0.523291165625 0.478050109375 0.5235849828125 0.47844226562500003 0.5235849828125 0.4791407953125 0.522913690625 0.481658496875 0.5232075093749999 0.481714325 0.5184309328125 0.48269199374999994 0.5180534578125 0.48249727656249997 0.502046521875 0.41543709218749997 0.5027586203125 0.41535403125 0.5589104265625 0.440802015625 0.5523321765625 0.4412486390625 0.5541746578125
1 0.29481209218750004 0.512375025 0.2947194984375 0.515868190625 0.2972358390625 0.5160069375 0.29753948750000003 0.5172638234375 0.3042973859375 0.5170210156249999 0.3042265796875 0.5188002453125 0.308724128125 0.5183125890625 0.308352396875 0.5102101609374999 0.30914351875 0.5100367265625 0.30900462968750003 0.5066496640625 0.2933905234375 0.506370128125 0.2932271234375 0.5087431140625001 0.294975490625 0.508639053125 0.29481209218750004 0.512375025
1 0.48238970625000005 0.5646133437499999 0.3922113296875 0.56498265625 0.3925925921875 0.6185390734375 0.48236928125 0.6193389109375 0.48238970625000005 0.5646133437499999
1 0.37566584999999997 0.5650010203125 0.2927736921875 0.5652009796875 0.2918464046875 0.6183289125 0.3752900328125 0.6180044890625 0.37566584999999997 0.5650010203125
1 0.523431371875 0.52308304375 0.523764978125 0.5124484796875 0.52476715625 0.5121975109375 0.5242660671875 0.509069578125 0.524098584375 0.508445215625 0.5239324625 0.5079432765624999 0.52334695 0.5079432765624999 0.5223447718750001 0.50694348125 0.521677559375 0.4926790453125 0.5224291937500001 0.49255254062500003 0.5219281046875001 0.26745358124999996 0.5180038125 0.246431340625 0.490781590625 0.24705774374999998 0.4906985296875 0.5244603140625 0.4929520703125 0.522834115625 0.523431371875 0.52308304375
1 0.5995561 0.61054070625 0.5993123640625 0.6083472765625 0.5993123640625 0.6057151609375 0.5993123640625 0.604984696875 0.5983850765625001 0.6054233828125 0.5979452609375 0.6046908796875 0.5976525046875001 0.6046908796875 0.5972630718749999 0.6046908796875 0.5969703156249999 0.60425219375 0.5968232578125 0.6031564984375 0.5964338234375 0.6029381765624999 0.596628540625 0.6200448890625 0.6017020703125 0.62033870625 0.601556371875 0.6186553765625 0.6004833875 0.6130993671875 0.5995561 0.61054070625
1 0.5989542484375 0.5979208328125 0.5994594234374999 0.5972883078125 0.6003022875 0.5972883078125 0.6019049562500001 0.5972883078125 0.6019049562500001 0.6000673328125 0.6019893796875 0.60739645 0.6029166671875 0.611185471875 0.6038439546875 0.6127014890625 0.6045887796875 0.6170985515625 0.6051062093749999 0.619853090625 0.6298107296875 0.6196510921875 0.6293055562500001 0.5654519484375 0.6159844765625 0.5651989390625001 0.6160688999999999 0.566210978125 0.61075708125 0.566210978125 0.5965087140625001 0.5654519484375 0.5960866015625 0.5998163640625 0.5987854031250001 0.598551315625 0.5989542484375 0.5979208328125
1 0.8336614921875001 0.6871311984374999 0.8361791937499999 0.6858743109375001 0.8382761437499999 0.684617425 0.8414229296875 0.6824158328125 0.8475068078125 0.68147316875 0.857158225 0.681158946875 0.8630324078125 0.681158946875 0.8726824625 0.681158946875 0.887787309375 0.6824158328125 0.8957598046875 0.6802162828125 0.896598584375 0.6773862484375 0.8976470593749999 0.6732993265625 0.8993259796874999 0.668269740625 0.9045710781249999 0.665753928125 0.914430828125 0.6670128546874999 0.920318628125 0.6288757390625 0.772203159375 0.582301571875 0.7707244015625 0.652236278125 0.8336614921875001 0.6871311984374999
1 0.9162622546874999 0.6599795953125 0.9161410671875 0.66193021875 0.9171160125 0.663735971875 0.9171609484375001 0.6644766375 0.917022059375 0.6660253015625 0.9166435187499999 0.6694103250000001 0.91636165625 0.6717037343750001 0.9159381812499999 0.672940215625 0.91523148125 0.6750887578125 0.9148570265625 0.6766415015625 0.9159381812499999 0.677169965625 0.915186546875 0.6797082234375 0.9167401953125 0.6808345234375001 0.9192333874999999 0.6821424203124999 0.9243150874999999 0.682068965625 0.9433741828125 0.6804488875 0.9425980390625 0.67847378125 0.9417510890624999 0.6767088343750001 0.939844771875 0.671246684375 0.938401415625 0.6676168125 0.9381195531250001 0.666431340625 0.9377246734375 0.6655009187500001 0.93662309375 0.6634707203125 0.9353812640625 0.6612283203125 0.9328962421875 0.656657825 0.9315005453125 0.6528749234375 0.9306821890625001 0.649997959375 0.9306535953124999 0.6486023265624999 0.9304561546875 0.6465292796875 0.9303159046875 0.644878596875 0.930004084375 0.6433564578125 0.9297794125 0.6416629265625 0.9291299015625001 0.6381105890625001 0.9286492375 0.635868190625 0.9278594765625 0.6301550703125 0.9217878546874999 0.6282513765625 0.920318628125 0.6288757390625 0.9151252718749999 0.6623566624999999 0.9162622546874999 0.6599795953125
1 0.0983033765625 0.7120301984374999 0.10019063125000001 0.7103631906250001 0.101889978125 0.7079432765625 0.10245642656250001 0.7065598859375 0.103421840625 0.6996123234375 0.106800109375 0.68782289375 0.107806371875 0.6801530296875 0.107806371875 0.6782350546875 0.107806371875 0.6774495 0.107344771875 0.6755947765625 0.10757625312500001 0.6736768 0.1082257625 0.6727973890625 0.10858251562500001 0.67138135 0.10833060937500001 0.670846765625 0.10828976093750001 0.6696225265625 0.10898148125 0.6673576828125001 0.1096949890625 0.666823096875 0.1114991828125 0.665753928125 0.11548475 0.6640257093749999 0.12028867031249998 0.66374209375 0.1225136171875 0.6643725765624999 0.12456835468750001 0.665723321875 0.1250721671875 0.66663538125 0.1250721671875 0.6694021625000001 0.1252396515625 0.671791471875 0.12423338749999999 0.6762232203125 0.1252396515625 0.685433584375 0.1266666671875 0.697443378125 0.12708605625 0.701497653125 0.1284504359375 0.7047684140625 0.1314705875 0.7045154046875 0.1368831703125 0.7065598859375 0.1449605125 0.710079575 0.15138071875 0.7157702515625 0.1546745640625 0.724980615625 0.2678349671875 0.6497531109375 0.2679602390625 0.5713507453125 0.08947031562499999 0.632746378125 0.089692265625 0.716404815625 0.0959749453125 0.713287084375 0.0983033765625 0.7120301984374999
1 0 0 0 0.8143215671874999 0.0024714046875 0.808475821875 0.01023284375 0.8003040203125 0.01484885625 0.7968455421875 0.019882896875 0.79087125 0.028065087500000002 0.782385228125 0.029953703124999998 0.7738971640625001 0.030373093750000003 0.768551315625 0.030792484375 0.7622648437499999 0.0322617109375 0.7572352578125 0.0322617109375 0.7534625593750001 0.031421568750000003 0.7512630078125 0.030792484375 0.7490614156250001 0.031002178125 0.74623138125 0.0322617109375 0.7440318296874999 0.0322617109375 0.7421465 0.032050653125 0.7396306874999999 0.032681100000000005 0.7383738015625 0.03477805 0.7358579875 0.03603758125 0.7346011015625 0.0419117640625 0.7333442156250001 0.047576253125 0.7323995109375 0.050932734375 0.736172209375 0.051142429687500005 0.7380595796875 0.051142429687500005 0.7396306874999999 0.050723039062499996 0.742460721875 0.0500939546875 0.74623138125 0.0500939546875 0.75251989375 0.05156181875 0.759434809375 0.051981209375000004 0.765094878125 0.05261029375 0.7691817999999999 0.054918299999999996 0.7742113859375 0.0633101859375 0.7767251578125001 0.0628907953125 0.77515405 0.0626811 0.7603795140625 0.0626811 0.752205671875 0.0649877453125 0.74277494375 0.0662472765625 0.7396306874999999 0.067505446875 0.7377453578125001 0.07023284375 0.7314568453125 0.072121459375 0.72925729375 0.0784150328125 0.7245419296875 0.089692265625 0.716404815625 0.08947031562499999 0.632746378125 0.089742646875 0 0 0
0 0.9681835515625 1 0.8375490203125 0.8574597015625001 0.8391830062500001 0.8419138953124999 0.84575708125 0.8369598046875 0.8462894875 0.8361640484375 0.8462894875 0.8230667203124999 0.846860021875 0.8033646187500001 0.8217020703125 0.7765435625 0.8224632359375 0.7691409921875 0.8255024515624999 0.7605978375 0.8277832249999999 0.7560436640625 0.8327233109375 0.7537645375 0.8323434093750001 0.73725158125 0.8357625265624999 0.715613140625 0.8274033218750001 0.7070720265625 0.824248365625 0.6997265859375 0.82793436875 0.691809834375 0.8336614921875001 0.6871311984374999 0.7707244015625 0.652236278125 0.5959749453125001 0.6502407671875 0.595518790625 0.6755825343749999 0.5966203703125 0.680536625 0.597494553125 0.6901020203125 0.596849128125 0.6940889609374999 0.6012568078125 0.7266598656250001 0.6071854578125 0.7273434 0.6241721140625 0.7610548875 0.623412309375 0.7620220359375 0.6197249453125 0.764527646875 0.61474673125 0.764356253125 0.5568327890625 0.7639012453125 0.474218409375 0.7619649046875 0.4715590953125 0.7562701484375001 0.476346678125 0.6886778203125 0.478171296875 0.686514996875 0.4844022328125 0.6856600687500001 0.48368055625000006 0.674386859375 0.48717728749999994 0.6502407671875 0.27809368125 0.6493307484375 0.2678349671875 0.6497531109375 0.1546745640625 0.724980615625 0.1525367640625 0.760257090625 0.1455827890625 0.7911201796875 0.1395792484375 0.8143542140625 0.098423203125 0.8388961437500001 0.0774468953125 0.837529075 0.0699223859375 0.86816568125 0.04522195 0.88354009375 0.0117810453125 0.8926525203125 0.005319989062500001 0.889804121875 0 0.8830034687499999 0 1 0.9681835515625 1
1 1 0.6510589671875 0.9284504359374999 0.6303774734375 0.9311138343750001 0.63909814375 0.931195534375 0.6406774125 0.9315236921875 0.6432401546875 0.9315645421875001 0.645494796875 0.9318464046875 0.647933075 0.9318872546874999 0.6510385640624999 0.9334735843749999 0.6554866359375 0.9356277234375 0.6585921234375001 0.9381930828125 0.66382983125 0.9408741828125 0.6707794328125 0.9435552828124999 0.678814528125 0.9446922656250001 0.6805692718749999 0.9656930828125001 0.6800265249999999 1 0.6750030609375 1 0.6510589671875
1 1 0.000483575 0.772212690625 0.32321158906249997 0.772203159375 0.582301571875 0.920318628125 0.6288757390625 0.9230909593750001 0.6036033468750001 1 0.62198735 1 0.000483575
1 0.6595506531249999 0.4634299125 0.6722099671875 0.4632544375 0.6722099671875 0.46494592968750004 0.6813630171875 0.4631830234375 0.683104575 0.4640644765625 0.6829398140625 0.500169353125 0.7056685734375 0.500063253125 0.7051048468750001 0.49858192187499994 0.7178336062499999 0.452499490625 0.7393164484375 0.44682309687500005 0.7392456421875 0.4423097328125 0.6542333874999999 0.443544175 0.6537867640624999 0.4590573359375 0.659481209375 0.4585635578125 0.6595506531249999 0.4634299125
1 0.7167674296875 0.5019383796875 0.6887990203125 0.5022342375 0.6886819171874999 0.5614548046875 0.7167333874999999 0.5602101609375 0.7167674296875 0.5019383796875
1 0.739742646875 0.5013119765625 0.7309640515625 0.5012283203125001 0.7311369828125 0.5642113859375 0.7399114921875001 0.5603101406250001 0.739742646875 0.5013119765625
1 0.6690672656250001 0.50178535 0.6691802828125 0.50158335 0.6572303921875 0.503150378125 0.658039215625 0.5612140375 0.669319171875 0.5617690265624999 0.6690672656250001 0.50178535
1 0.615750271875 0.5619730671875 0.658039215625 0.5612140375 0.6572303921875 0.5033013671875 0.6572303921875 0.503150378125 0.6099822984375 0.5037563765625 0.6096800109375 0.5098204453124999 0.6167619828124999 0.5098204453124999 0.615750271875 0.5619730671875
1 0.69624046875 0.5647174046875 0.6838276140625 0.565156090625 0.6842674296875 0.6194980609375 0.6966094765624999 0.627535196875 0.69624046875 0.5647174046875
1 0.6838276140625 0.565156090625 0.6544212968750001 0.56555396875 0.655095315625 0.6200040812500001 0.6842674296875 0.6194980609375 0.6838276140625 0.565156090625
1 0.6544212968750001 0.56555396875 0.6444730390625 0.5648581921875 0.6448937906250001 0.6200673328125 0.6544212968750001 0.6272679046875 0.6544212968750001 0.56555396875
1 0.6448937906250001 0.6200673328125 0.6444730390625 0.5648581921875 0.6387486390625 0.565072434375 0.6394226578125 0.6196510921875 0.6394226578125 0.6199020609375 0.6448937906250001 0.6200673328125
1 0.6394226578125 0.6196510921875 0.6387486390625 0.565072434375 0.6293055562500001 0.5654519484375 0.6298107296875 0.6196510921875 0.6390849671875001 0.6267251578125 0.6394226578125 0.6196510921875
1 0.7520642703125 0.44438277968750006 0.75209695 0.44910834531250005 0.754270153125 0.4490838609375 0.7541721140625001 0.4384084875 0.7392456421875 0.4423097328125 0.7393164484375 0.44682309687500005 0.74904139375 0.444505203125 0.7520642703125 0.44438277968750006
1 0.6766761984375 0.501554784375 0.6691802828125 0.50158335 0.669319171875 0.5617690265624999 0.6767020703125 0.5606121203125001 0.6766761984375 0.501554784375
1 0.7383905234375 0.5654131812500001 0.7383537578125 0.56566823125 0.7116966234375 0.5649336875000001 0.71204520625 0.6199918390625 0.73896105625 0.619518465625 0.7383905234375 0.5654131812500001
1 0.755255990625 0.6277739234374999 0.754581971875 0.56523770625 0.7383537578125 0.56566823125 0.73896105625 0.619518465625 0.73883986875 0.6197000609375001 0.755255990625 0.6277739234374999
1 0.7116966234375 0.5649336875000001 0.6986206421875 0.5646419093749999 0.6993858937499999 0.620424403125 0.7121200984375 0.6274943890625 0.7116966234375 0.5649336875000001
1 0.688563453125 0.50113038125 0.6766761984375 0.501554784375 0.6767020703125 0.5606121203125001 0.6885062640624999 0.5636441546875 0.688563453125 0.50113038125
1 0.7309640515625 0.5012283203125001 0.7167674296875 0.5019383796875 0.7167333874999999 0.5602101609375 0.7311369828125 0.5642113859375 0.7309640515625 0.5012283203125001
1 0.754270153125 0.4490838609375 0.7553404140625 0.44913487031250005 0.7549196625000001 0.4596204859375 0.75517156875 0.500679453125 0.7544975484374999 0.5011854718750001 0.739742646875 0.5013119765625 0.7399114921875001 0.5603101406250001 0.7526429734375 0.5640991640624999 0.7534858390625 0.5640991640624999 0.7541598578125 0.5643521734375 0.754581971875 0.56523770625 0.755255990625 0.6277739234374999 0.7650367640625 0.63181595625 0.7623379625 0.3476861859375 0.738503540625 0.3812405625 0.7390318625 0.4380840640625 0.7541721140625001 0.4384084875 0.754270153125 0.4490838609375
1 0.2798502171875 0.5648316671875 0.2782666125 0.5647745359375 0.2797903046875 0.5176841453125001 0.28052287656249997 0.502354621875 0.2923257078125 0.5015139765625001 0.2925871453125 0.38117118906249997 0.2731427015625 0.34932054687499997 0.2716870921875 0.629659253125 0.2790645421875 0.6255723328125 0.2798502171875 0.5648316671875
1 0.2927736921875 0.5652009796875 0.2798502171875 0.5648316671875 0.2790645421875 0.6255723328125 0.29191585 0.6192042437499999 0.2927736921875 0.5652009796875
1 0.383018790625 0.6191246687499999 0.3836369828125 0.5602550500000001 0.37566584999999997 0.5650010203125 0.3752900328125 0.6180044890625 0.37549428125 0.625921240625 0.383018790625 0.6191246687499999
1 0.3610607296875 0.5004386859375 0.3510403046875 0.50255458125 0.35079656875 0.56484595 0.360761165625 0.5603795140625001 0.3610607296875 0.5004386859375
1 0.41543300624999996 0.5074678640625 0.41008442343749996 0.502175065625 0.409794390625 0.5638175875 0.41535403125 0.5589104265625 0.41543300624999996 0.5074678640625
1 0.6535648140625 0.439259334375 0.6441748359374999 0.4432013875 0.644744009375 0.501752703125 0.653845315625 0.5013752296875 0.6535648140625 0.439259334375