0 1 0.9314192703125 0.9335742187499999 0.8819140624999999 0.932080078125 0.8555208328124999 0.8474707031250001 0.788984375 0.8459375 0.7240755203125 0.8162109375 0.7268098953125001 0.815703125 0.7507161453125 0.808935546875 0.750859375 0.80904296875 0.7507161453125 0.7866015625 0.7482552078125 0.83568359375 0.7787369796875 0.8290234375000001 0.7828385421874999 0.763935546875 0.79171875 0.7516406250000001 0.7842057296875 0.70654296875 0.7548177078125 0.7137109374999999 0.7493489578125 0.66810546875 0.7507161453125 0.6686132812500001 0.7274869796875 0.65580078125 0.7131380203125001 0.3457421875 0.7247526046874999 0.29500976562500003 0.7261197921875 0.292431640625 0.7310156250000001 0.224267578125 0.8016666671875001 0.18533203125 0.8026562500000001 0.186982421875 0.7848828125 0.188408203125 0.78625 0.18583984375 0.7307291671875 0.16015625 0.73203125 0.161474609375 0.8356380203124999 0.16175781250000001 0.8627864578125 0.0248828125 1 1 1 1 0.9314192703125
1 0.68615234375 0.1963020828125 0.31919921875 0.2063671875 0.319716796875 0.28738281250000003 0.6888964843750001 0.2741015625 0.68615234375 0.1963020828125
1 0 0 0 0.9867317703125 0.161474609375 0.8356380203124999 0.156015625 0.360859375 0.15349609375 0.18226562500000001 0.214423828125 0.23990885468749998 0.21285156249999998 0.1673177078125 0.07896484375 0 0 0
1 0.186982421875 0.7848828125 0.22240234375 0.7827604171875 0.214423828125 0.23990885468749998 0.18080078125000001 0.24342447968749997 0.181611328125 0.37917968750000003 0.181611328125 0.49098958281250005 0.186982421875 0.7848828125
1 0.793251953125 0.2742317703125 0.7769140625000001 0.2687890625 0.7866015625 0.7482552078125 0.808935546875 0.750859375 0.793251953125 0.2742317703125
1 0.29177734375000003 0.6946875 0.29111328125 0.5743229171875 0.2904296875 0.5707291671875 0.2883984375 0.5669010421875 0.289248046875 0.559921875 0.290595703125 0.5556510421875 0.29228515625 0.5529427078125 0.294482421875 0.5506901046875 0.298359375 0.5484375 0.301904296875 0.5484375 0.304091796875 0.5538541671874999 0.30673828125 0.567421875 0.3006640625 0.28230468750000004 0.21285156249999998 0.1673177078125 0.21913076718750002 0.489591621875 0.226630859375 0.4894401046875 0.21877929687500003 0.4899088546875 0.22240234375 0.7827604171875 0.224267578125 0.8016666671875001 0.292431640625 0.7310156250000001 0.29208984375 0.7163932296875 0.29177734375000003 0.6946875
1 0.9093359375000001 0 0.9094140625 0.0330208328125 0.9328515625 0.8269270828125 0.932080078125 0.8555208328124999 1 0.8994270828125 1 0 0.9093359375000001 0
1 0.75671875 0.5055208328125 0.751328125 0.5055208328125 0.751328125 0.5211458328125 0.7571875 0.5206770828125 0.7582421874999999 0.5294270828125 0.7394921875 0.5300520828125 0.7392578125 0.5206770828125 0.7486328125 0.5216145828125 0.7478125 0.5055208328125 0.70796875 0.5075520828125 0.7079296875 0.5116927078125 0.7110937500000001 0.5113671875 0.7110937500000001 0.5466927078125 0.780390625 0.5461458328125001 0.7727734374999999 0.25817708281249996 0.8354687500000001 0.2019270828125 0.8516406249999999 0.7719270828125 0.9328515625 0.8269270828125 0.9094140625 0.0330208328125 0.7040429687499999 0.2758203125 0.7040429687499999 0.3354427078125 0.7528515625 0.2931770828125 0.75671875 0.5055208328125
1 0.32435546875 0.5666666671875 0.319716796875 0.28738281250000003 0.315732421875 0.2819791671875 0.3006640625 0.28230468750000004 0.30673828125 0.567421875 0.32435546875 0.5666666671875
1 0.6637109375 0.5593229171874999 0.6637109375 0.5495963546875 0.7110937500000001 0.5466927078125 0.7110937500000001 0.5113671875 0.7079296875 0.5116927078125 0.7040429687499999 0.3354427078125 0.7040429687499999 0.2758203125 0.6888964843750001 0.2741015625 0.6396484375 0.2758723953125 0.6453222656250001 0.5558723953125 0.6637109375 0.5593229171874999
1 0.3776171875 0.5569531249999999 0.39138671875000003 0.5588411453125001 0.3964453125 0.5588411453125001 0.3974609375 0.5585677078125 0.39786132812499997 0.55640625 0.398671875 0.5539713546875 0.40009765625 0.5523567703125 0.4039453125 0.5518229171875 0.405361328125 0.5515494796875 0.405361328125 0.5493880203125 0.40576171875 0.5466927078125 0.4063671875 0.5415625000000001 0.40657226562500004 0.538046875 0.406982421875 0.5334635421875 0.407587890625 0.5299479171875 0.407587890625 0.5280598953125 0.409404296875 0.523203125 0.41123046875 0.5215755203125 0.41305664062499997 0.5213020828125 0.4140625 0.5248177078125 0.414677734375 0.5272526046875 0.41568359375 0.5283333328125 0.41750976562500003 0.5294140625 0.41973632812500006 0.5323828125000001 0.42256835937500004 0.5372395828125 0.422978515625 0.5434505203125 0.422978515625 0.562890625 0.43795898437499997 0.562890625 0.437353515625 0.5618098953125 0.43795898437499997 0.5591015625 0.43917968749999997 0.5577604171874999 0.44201171875 0.5569531249999999 0.44322265625 0.5558723953125 0.445654296875 0.5555989578125 0.44748046874999997 0.5555989578125 0.44929687500000004 0.5553255203125 0.451728515625 0.55640625 0.453955078125 0.5569531249999999 0.45557617187500005 0.5577604171874999 0.4580078125 0.5572135421875 0.46023437500000003 0.5566796875 0.46185546874999994 0.5566796875 0.46306640625 0.5577604171874999 0.46306640625 0.5582942703125 0.46246093750000006 0.5604557296875 0.46246093750000006 0.5610026046875001 0.46651367187500004 0.5615364578125 0.51896484375 0.559921875 0.5159277343750001 0.5558723953125 0.5147070312500001 0.5488411453125 0.5147070312500001 0.5396614578125 0.5147070312500001 0.5323828125000001 0.5147070312500001 0.5275130203125 0.515517578125 0.5237369796875 0.515517578125 0.5191536453125 0.516123046875 0.5150911453125 0.516123046875 0.5113151046875 0.516123046875 0.5078125 0.51572265625 0.5040234375 0.51572265625 0.5026822921874999 0.5195703125 0.5016015625 0.5228125 0.501328125 0.5250390625 0.5010546875 0.5300976562499999 0.5045703125000001 0.531513671875 0.5078125 0.53333984375 0.51375 0.535361328125 0.5172526046875 0.537587890625 0.5194140625 0.5394140625 0.5223828125 0.5396191406249999 0.5237369796875 0.54001953125 0.5269791671874999 0.54001953125 0.5302213546875 0.5404296875 0.5337239578124999 0.541240234375 0.5377734375000001 0.541240234375 0.5437239578125 0.542451171875 0.5572135421875 0.542451171875 0.5591015625 0.6453222656250001 0.5558723953125 0.6396484375 0.2758723953125 0.319716796875 0.28738281250000003 0.32435546875 0.5666666671875 0.33185546875 0.5601822921874999 0.35169921875 0.5580338546875 0.358583984375 0.5569531249999999 0.3776171875 0.5569531249999999
1 0.79697265625 0 0.68615234375 0.1963020828125 0.6888964843750001 0.2741015625 0.902392578125 0 0.79697265625 0
1 0.11841796874999999 0 0.319716796875 0.28738281250000003 0.31919921875 0.2063671875 0.20730468750000003 0 0.11841796874999999 0
1 0.18080078125000001 0.24342447968749997 0.15437499999999998 0.22037760468749998 0.155048759375 0.290787075 0.18070312500000002 0.28967447968750004 0.18080078125000001 0.24342447968749997
1 0.1806640625 0.3028645828125 0.155078125 0.303515625 0.15654296875 0.3778645828125 0.18125 0.376171875 0.1806640625 0.3028645828125
1 0.181640625 0.39010416718749996 0.1560546875 0.3908854171875 0.1572265625 0.4700520828125 0.181640625 0.46953125 0.181640625 0.39010416718749996
1 0.17138671875 0.5177343750000001 0.17734375 0.5221614578125 0.17353515625 0.5375260421875 0.18232421875 0.53609375 0.18058593750000002 0.4795833328125 0.15744140625 0.4801041671875 0.1578125 0.5143489578125 0.16474609375 0.5138281250000001 0.17138671875 0.5177343750000001
1 0.1826171875 0.54375 0.158203125 0.5444010421875001 0.16015625 0.73203125 0.18583984375 0.7307291671875 0.1826171875 0.54375